Run #1	Run #1	Run #1	Run #1	Run #1	Run #1	Run #1	Run #1
Time (s)	Light Intensity (%)	Angle (rad)	Angular Velocity (rad/s)	Angular Acceleration (rad/s²)	Position (m)	Velocity (m/s)	Acceleration (m/s²)
0,000	3,0						
0,100	3,0	0,000			0,0000		
0,200	3,0	0,000	0,000		0,0000	0,000	
0,300	3,0	0,000	0,000	0,000	0,0000	0,000	0,000
0,400	3,0	0,000	0,000	0,000	0,0000	0,000	0,000
0,500	3,0	0,000	0,000	0,000	0,0000	0,000	0,000
0,600	3,0	0,000	0,000	0,000	0,0000	0,000	0,000
0,700	3,0	0,000	0,000	0,000	0,0000	0,000	0,000
0,800	3,0	0,000	0,000	0,000	0,0000	0,000	0,000
0,900	3,0	0,000	0,000	0,000	0,0000	0,000	0,000
1,000	3,0	0,000	0,000	0,000	0,0000	0,000	0,000
1,100	3,0	0,000	0,000	0,000	0,0000	0,000	0,000
1,200	3,0	0,000	0,000	0,000	0,0000	0,000	0,000
1,300	3,0	0,000	0,000	0,000	0,0000	0,000	0,000
1,400	3,0	0,000	0,000	0,000	0,0000	0,000	0,000
1,500	3,0	0,000	0,000	0,000	0,0000	0,000	0,000
1,600	3,0	0,000	0,000	0,000	0,0000	0,000	0,000
1,700	3,0	0,000	0,000	0,000	0,0000	0,000	0,000
1,800	3,0	0,000	0,000	0,000	0,0000	0,000	0,000
1,900	3,0	0,000	0,000	0,000	0,0000	0,000	0,000
2,000	3,0	0,000	0,000	0,000	0,0000	0,000	0,000
2,100	3,0	0,000	0,000	0,000	0,0000	0,000	0,000
2,200	3,0	0,000	0,000	0,000	0,0000	0,000	0,000
2,300	3,0	0,000	0,000	0,000	0,0000	0,000	0,000
2,400	3,0	0,000	0,000	0,000	0,0000	0,000	0,000
2,500	3,0	0,000	0,000	0,000	0,0000	0,000	0,000
2,600	3,0	0,000	0,000	0,039	0,0000	0,000	9,375E-4
2,700	3,0	0,000	0,008	0,118	0,0000	1,875E-4	0,003
2,800	3,0	0,002	0,024	0,039	3,7500E-5	5,625E-4	9,375E-4
2,900	3,0	0,005	0,016	-0,079	1,1250E-4	3,750E-4	-0,002
3,000	3,0	0,005	0,008	-1,735E-16	1,1250E-4	1,875E-4	-4,879E-18
3,100	3,1	0,006	0,016	0,039	1,5000E-4	3,750E-4	9,375E-4
3,200	3,0	0,008	0,016	-0,039	1,8750E-4	3,750E-4	-9,375E-4
3,300	3,0	0,009	0,008	-0,039	2,2500E-4	1,875E-4	-9,375E-4
3,400	3,1	0,009	0,008	0,079	2,2500E-4	1,875E-4	0,002
3,500	3,1	0,011	0,024	0,079	2,6250E-4	5,625E-4	0,002
3,600	3,1	0,014	0,024	-0,039	3,3750E-4	5,625E-4	-9,375E-4
3,700	3,1	0,016	0,016	0,000	3,7500E-4	3,750E-4	0,000
3,800	3,1	0,017	0,024	0,039	4,1250E-4	5,625E-4	9,375E-4
3,900	3,1	0,020	0,024	0,000	4,8750E-4	5,625E-4	1,626E-18
4,000	3,1	0,022	0,024	-2,602E-16	5,2500E-4	5,625E-4	-7,589E-18
4,100	3,0	0,025	0,024	5,204E-16	6,0000E-4	5,625E-4	1,084E-17
4,200	3,0	0,027	0,024	8,674E-17	6,3750E-4	5,625E-4	0,000
4,300	2,9	0,030	0,024	-0,039	7,1250E-4	5,625E-4	-9,375E-4
4,400	2,9	0,031	0,016	-0,079	7,5000E-4	3,750E-4	-0,002
4,500	2,9	0,033	0,008	-0,079	7,8750E-4	1,875E-4	-0,002
4,600	2,9	0,033	0,000	0,000	7,8750E-4	0,000	0,000
4,700	2,9	0,033	0,008	0,157	7,8750E-4	1,875E-4	0,004
4,800	2,9	0,035	0,031	0,275	8,2500E-4	7,500E-4	0,007
4,900	2,7	0,039	0,063	0,157	9,3750E-4	0,002	0,004
5,000	2,7	0,047	0,063	-0,079	0,0011	0,001	-0,002
5,100	2,7	0,052	0,047	-0,079	0,0012	0,001	-0,002
5,200	2,7	0,057	0,047	-0,039	0,0013	0,001	-9,375E-4
5,300	2,5	0,061	0,039	-0,079	0,0015	9,375E-4	-0,002
5,400	2,5	0,064	0,031	-3,469E-16	0,0015	7,500E-4	0,000
5,500	2,5	0,068	0,039	0,039	0,0016	9,375E-4	9,375E-4
5,600	2,3	0,072	0,039	0,000	0,0017	9,375E-4	0,000
5,700	2,3	0,075	0,039	-0,039	0,0018	9,375E-4	-9,375E-4
5,800	2,2	0,080	0,031	-0,079	0,0019	7,500E-4	-0,002
5,900	2,2	0,082	0,024	-0,039	0,0019	5,625E-4	-9,375E-4
6,000	2,1	0,085	0,024	0,039	0,0020	5,625E-4	9,375E-4
6,100	2,1	0,086	0,031	0,118	0,0021	7,500E-4	0,003
6,200	2,2	0,091	0,047	0,079	0,0022	0,001	0,002
6,300	3,0	0,096	0,047	1,041E-15	0,0023	0,001	2,494E-17
6,400	4,8	0,101	0,047	-0,039	0,0024	0,001	-9,375E-4
6,500	6,7	0,105	0,039	-0,079	0,0025	9,375E-4	-0,002
6,600	8,7	0,108	0,031	-0,039	0,0026	7,500E-4	-9,375E-4
6,700	10,7	0,112	0,031	-0,039	0,0027	7,500E-4	-9,375E-4
6,800	12,5	0,115	0,024	-0,079	0,0027	5,625E-4	-0,002
6,900	14,8	0,116	0,016	0,039	0,0028	3,750E-4	9,375E-4
7,000	18,6	0,118	0,031	0,157	0,0028	7,500E-4	0,004
7,100	22,3	0,123	0,047	0,039	0,0029	0,001	9,375E-4
7,200	24,6	0,127	0,039	-0,079	0,0030	9,375E-4	-0,002
7,300	26,3	0,130	0,031	-0,079	0,0031	7,500E-4	-0,002
7,400	27,3	0,134	0,024	-0,079	0,0032	5,625E-4	-0,002
7,500	28,2	0,135	0,016	-5,204E-16	0,0032	3,750E-4	-1,247E-17
7,600	29,5	0,137	0,024	0,118	0,0033	5,625E-4	0,003
7,700	30,5	0,140	0,039	0,118	0,0033	9,375E-4	0,003
7,800	31,1	0,145	0,047	8,674E-16	0,0035	0,001	2,114E-17
7,900	31,3	0,149	0,039	-0,079	0,0036	9,375E-4	-0,002
8,000	31,4	0,152	0,031	-0,079	0,0036	7,500E-4	-0,002
8,100	31,6	0,156	0,024	-0,039	0,0037	5,625E-4	-9,375E-4
8,200	31,7	0,157	0,024	1,041E-15	0,0038	5,625E-4	2,494E-17
8,300	31,7	0,160	0,024	1,041E-15	0,0038	5,625E-4	2,494E-17
8,400	31,6	0,162	0,024	0,079	0,0039	5,625E-4	0,002
8,500	31,2	0,165	0,039	0,079	0,0039	9,375E-4	0,002
8,600	31,0	0,170	0,039	-0,039	0,0041	9,375E-4	-9,375E-4
8,700	30,7	0,173	0,031	-0,039	0,0041	7,500E-4	-9,375E-4
8,800	30,6	0,176	0,031	1,388E-15	0,0042	7,500E-4	3,361E-17
8,900	30,4	0,179	0,031	-0,039	0,0043	7,500E-4	-9,375E-4
9,000	30,2	0,182	0,024	-0,079	0,0044	5,625E-4	-0,002
9,100	30,2	0,184	0,016	-0,039	0,0044	3,750E-4	-9,375E-4
9,200	30,1	0,185	0,016	-0,039	0,0044	3,750E-4	-9,375E-4
9,300	30,0	0,187	0,008	6,939E-16	0,0045	1,875E-4	1,681E-17
9,400	29,9	0,187	0,016	0,079	0,0045	3,750E-4	0,002
9,500	29,7	0,190	0,024	-6,939E-16	0,0045	5,625E-4	-1,681E-17
9,600	29,6	0,192	0,016	-0,039	0,0046	3,750E-4	-9,375E-4
9,700	29,5	0,193	0,016	6,939E-16	0,0046	3,750E-4	1,681E-17
9,800	29,4	0,195	0,016	0,039	0,0047	3,750E-4	9,375E-4
9,900	29,3	0,196	0,024	0,079	0,0047	5,625E-4	0,002
10,000	29,2	0,199	0,031	-1,041E-15	0,0048	7,500E-4	-2,494E-17
10,100	29,0	0,203	0,024	-0,039	0,0048	5,625E-4	-9,375E-4
10,200	28,8	0,204	0,024	0,039	0,0049	5,625E-4	9,375E-4
10,300	28,6	0,207	0,031	0,079	0,0050	7,500E-4	0,002
10,400	28,3	0,210	0,039	0,039	0,0050	9,375E-4	9,375E-4
10,500	28,1	0,215	0,039	-0,039	0,0051	9,375E-4	-9,375E-4
10,600	27,9	0,218	0,031	-0,079	0,0052	7,500E-4	-0,002
10,700	27,8	0,221	0,024	-0,039	0,0053	5,625E-4	-9,375E-4
10,800	27,7	0,223	0,024	0,039	0,0053	5,625E-4	9,375E-4
10,900	27,5	0,226	0,031	-1,041E-15	0,0054	7,500E-4	-2,494E-17
11,000	27,3	0,229	0,024	-0,079	0,0055	5,625E-4	-0,002
11,100	27,2	0,231	0,016	1,041E-15	0,0055	3,750E-4	2,494E-17
11,200	26,9	0,232	0,024	0,118	0,0056	5,625E-4	0,003
11,300	26,6	0,236	0,039	0,118	0,0056	9,375E-4	0,003
11,400	26,2	0,240	0,047	-1,735E-15	0,0057	0,001	-4,174E-17
11,500	25,9	0,245	0,039	-0,079	0,0059	9,375E-4	-0,002
11,600	25,6	0,248	0,031	0,039	0,0059	7,500E-4	9,375E-4
11,700	25,2	0,251	0,047	0,157	0,0060	0,001	0,004
11,800	24,8	0,258	0,063	-6,939E-16	0,0062	0,002	0,000
11,900	24,5	0,264	0,047	-0,157	0,0063	0,001	-0,004
12,000	24,3	0,267	0,031	-0,079	0,0064	7,500E-4	-0,002
12,100	24,2	0,270	0,031	-0,039	0,0065	7,500E-4	-9,375E-4
12,200	24,1	0,273	0,024	1,388E-15	0,0065	5,625E-4	1,193E-17
12,300	23,9	0,275	0,031	0,079	0,0066	7,500E-4	0,002
12,400	23,6	0,280	0,039	-0,039	0,0067	9,375E-4	-9,375E-4
12,500	23,4	0,283	0,024	-0,079	0,0068	5,625E-4	-0,002
12,600	23,3	0,284	0,024	0,039	0,0068	5,625E-4	9,375E-4
12,700	23,1	0,287	0,031	0,079	0,0069	7,500E-4	0,002
12,800	22,9	0,291	0,039	0,079	0,0069	9,375E-4	0,002
12,900	22,6	0,295	0,047	-1,735E-15	0,0071	0,001	-4,174E-17
13,000	22,4	0,300	0,039	-0,039	0,0072	9,375E-4	-9,375E-4
13,100	22,2	0,303	0,039	0,039	0,0072	9,375E-4	9,375E-4
13,200	21,9	0,308	0,047	0,039	0,0074	0,001	9,375E-4
13,300	21,6	0,313	0,047	0,000	0,0075	0,001	0,000
13,400	21,3	0,317	0,047	-0,079	0,0076	0,001	-0,002
13,500	21,2	0,322	0,031	-0,079	0,0077	7,500E-4	-0,002
13,600	21,0	0,324	0,031	0,039	0,0077	7,500E-4	9,375E-4
13,700	20,7	0,328	0,039	0,079	0,0078	9,375E-4	0,002
13,800	20,3	0,331	0,047	0,039	0,0079	0,001	9,375E-4
13,900	20,1	0,338	0,047	-2,082E-15	0,0081	0,001	-4,987E-17
14,000	19,7	0,341	0,047	0,039	0,0081	0,001	9,375E-4
14,100	19,5	0,347	0,055	-0,039	0,0083	0,001	-9,375E-4
14,200	19,3	0,352	0,039	-0,118	0,0084	9,375E-4	-0,003
14,300	19,2	0,355	0,031	-0,039	0,0085	7,500E-4	-9,375E-4
14,400	19,0	0,358	0,031	-1,388E-15	0,0086	7,500E-4	-3,361E-17
14,500	18,9	0,361	0,031	-1,388E-15	0,0086	7,500E-4	-3,361E-17
14,600	18,7	0,364	0,031	1,388E-15	0,0087	7,500E-4	3,361E-17
14,700	18,6	0,368	0,031	1,388E-15	0,0088	7,500E-4	3,361E-17
14,800	18,3	0,371	0,031	-0,039	0,0089	7,500E-4	-9,375E-4
14,900	18,2	0,374	0,024	-1,388E-15	0,0089	5,625E-4	-7,698E-17
15,000	18,0	0,375	0,031	0,079	0,0090	7,500E-4	0,002
15,100	17,8	0,380	0,039	0,039	0,0091	9,375E-4	9,375E-4
15,200	17,6	0,383	0,039	1,735E-15	0,0092	9,375E-4	4,174E-17
15,300	17,5	0,388	0,039	0,000	0,0093	9,375E-4	0,000
15,400	17,3	0,391	0,039	0,039	0,0093	9,375E-4	9,375E-4
15,500	17,0	0,396	0,047	-1,735E-15	0,0095	0,001	-4,174E-17
15,600	16,9	0,401	0,039	-0,039	0,0096	9,375E-4	-9,375E-4
15,700	16,7	0,404	0,039	1,735E-15	0,0096	9,375E-4	4,174E-17
15,800	16,5	0,408	0,039	-0,039	0,0098	9,375E-4	-9,375E-4
15,900	16,3	0,412	0,031	-0,039	0,0098	7,500E-4	-9,375E-4
16,000	16,2	0,415	0,031	0,000	0,0099	7,500E-4	0,000
16,100	16,0	0,418	0,031	0,039	0,0100	7,500E-4	9,375E-4
16,200	15,8	0,421	0,039	0,079	0,0101	9,375E-4	0,002
16,300	15,6	0,426	0,047	0,039	0,0102	0,001	9,375E-4
16,400	15,4	0,430	0,047	4,198E-15	0,0103	0,001	9,975E-17
16,500	15,2	0,435	0,047	0,000	0,0104	0,001	0,000
16,600	15,1	0,440	0,047	0,000	0,0105	0,001	0,000
16,700	14,9	0,445	0,047	-4,198E-15	0,0106	0,001	-9,975E-17
16,800	14,8	0,449	0,047	-0,039	0,0107	0,001	-9,375E-4
16,900	14,7	0,454	0,039	-0,079	0,0108	9,375E-4	-0,002
17,000	14,6	0,457	0,031	-0,079	0,0109	7,500E-4	-0,002
17,100	14,5	0,460	0,024	-0,079	0,0110	5,625E-4	-0,002
17,200	14,4	0,462	0,016	-2,099E-15	0,0110	3,750E-4	-4,987E-17
17,300	14,3	0,463	0,024	0,079	0,0111	5,625E-4	0,002
17,400	14,2	0,467	0,031	0,039	0,0111	7,500E-4	9,375E-4
17,500	14,1	0,470	0,031	0,000	0,0112	7,500E-4	0,000
17,600	14,0	0,473	0,031	0,000	0,0113	7,500E-4	0,000
17,700	13,9	0,476	0,031	-2,776E-15	0,0114	7,500E-4	-6,668E-17
17,800	13,7	0,479	0,031	0,000	0,0114	7,500E-4	0,000
17,900	13,6	0,482	0,031	2,776E-15	0,0115	7,500E-4	6,668E-17
18,000	13,5	0,485	0,031	0,000	0,0116	7,500E-4	0,000
18,100	13,4	0,489	0,031	0,039	0,0117	7,500E-4	9,375E-4
18,200	13,3	0,492	0,039	0,079	0,0117	9,375E-4	0,002
18,300	13,0	0,496	0,047	-0,039	0,0119	0,001	-9,375E-4
18,400	13,0	0,501	0,031	-0,118	0,0120	7,500E-4	-0,003
18,500	12,8	0,503	0,024	0,039	0,0120	5,625E-4	9,375E-4
18,600	12,7	0,506	0,039	0,118	0,0121	9,375E-4	0,003
18,700	12,5	0,511	0,047	-0,039	0,0122	0,001	-9,375E-4
18,800	12,4	0,515	0,031	-0,079	0,0123	7,500E-4	-0,002
18,900	12,3	0,517	0,031	0,039	0,0123	7,500E-4	9,375E-4
19,000	12,2	0,522	0,039	-0,039	0,0125	9,375E-4	-9,375E-4
19,100	12,1	0,525	0,024	-0,079	0,0125	5,625E-4	-0,002
19,200	12,0	0,526	0,024	0,079	0,0126	5,625E-4	0,002
19,300	11,9	0,529	0,039	0,079	0,0126	9,375E-4	0,002
19,400	11,8	0,534	0,039	-0,118	0,0128	9,375E-4	-0,003
19,500	11,8	0,537	0,016	-0,196	0,0128	3,750E-4	-0,005
19,600	11,8	0,537	0,000	0,000	0,0128	0,000	0,000
19,700	11,7	0,537	0,016	0,157	0,0128	3,750E-4	0,004
19,800	11,6	0,540	0,031	0,118	0,0129	7,500E-4	0,003
19,900	11,5	0,543	0,039	0,039	0,0130	9,375E-4	9,375E-4
20,000	11,4	0,548	0,039	-3,469E-15	0,0131	9,375E-4	-8,348E-17
20,100	11,2	0,551	0,039	0,039	0,0132	9,375E-4	9,375E-4
20,200	11,1	0,556	0,047	0,079	0,0133	0,001	0,002
20,300	11,0	0,561	0,055	0,039	0,0134	0,001	9,375E-4
20,400	10,9	0,567	0,055	0,000	0,0135	0,001	0,000
20,500	10,7	0,572	0,055	0,039	0,0137	0,001	9,375E-4
20,600	10,5	0,578	0,063	-0,039	0,0138	0,001	-9,375E-4
20,700	10,5	0,584	0,047	-0,118	0,0140	0,001	-0,003
20,800	10,4	0,587	0,039	0,000	0,0140	9,375E-4	-4,337E-17
20,900	10,3	0,592	0,047	0,039	0,0141	0,001	9,375E-4
21,000	10,1	0,597	0,047	-0,039	0,0143	0,001	-9,375E-4
21,100	10,0	0,602	0,039	-0,039	0,0144	9,375E-4	-9,375E-4
21,200	9,9	0,605	0,039	0,039	0,0144	9,375E-4	9,375E-4
21,300	9,8	0,609	0,047	0,000	0,0146	0,001	0,000
21,400	9,7	0,614	0,039	-0,079	0,0147	9,375E-4	-0,002
21,500	9,7	0,617	0,031	-0,039	0,0147	7,500E-4	-9,375E-4
21,600	9,6	0,620	0,031	-0,039	0,0148	7,500E-4	-9,375E-4
21,700	9,5	0,624	0,024	-0,039	0,0149	5,625E-4	-9,375E-4
21,800	9,5	0,625	0,024	0,039	0,0149	5,625E-4	9,375E-4
21,900	9,4	0,628	0,031	0,079	0,0150	7,500E-4	0,002
22,000	9,3	0,631	0,039	0,079	0,0151	9,375E-4	0,002
22,100	9,2	0,636	0,047	0,000	0,0152	0,001	0,000
22,200	9,2	0,641	0,039	-0,079	0,0153	9,375E-4	-0,002
22,300	9,1	0,644	0,031	0,000	0,0154	7,500E-4	0,000
22,400	9,0	0,647	0,039	0,039	0,0155	9,375E-4	9,375E-4
22,500	9,0	0,652	0,039	-0,079	0,0156	9,375E-4	-0,002
22,600	8,9	0,655	0,024	-0,079	0,0156	5,625E-4	-0,002
22,700	8,8	0,657	0,024	0,039	0,0157	5,625E-4	9,375E-4
22,800	8,8	0,660	0,031	0,079	0,0158	7,500E-4	0,002
22,900	8,7	0,663	0,039	0,039	0,0158	9,375E-4	9,375E-4
23,000	8,7	0,668	0,039	-0,079	0,0159	9,375E-4	-0,002
23,100	8,6	0,671	0,024	-0,039	0,0160	5,625E-4	-9,375E-4
23,200	8,6	0,672	0,031	0,079	0,0161	7,500E-4	0,002
23,300	8,5	0,677	0,039	0,079	0,0162	9,375E-4	0,002
23,400	8,4	0,680	0,047	0,039	0,0162	0,001	9,375E-4
23,500	8,3	0,686	0,047	-0,039	0,0164	0,001	-9,375E-4
23,600	8,2	0,690	0,039	0,000	0,0165	9,375E-4	8,674E-17
23,700	8,1	0,694	0,047	0,039	0,0166	0,001	9,375E-4
23,800	8,0	0,699	0,047	0,000	0,0167	0,001	0,000
23,900	7,8	0,704	0,047	-0,039	0,0168	0,001	-9,375E-4
24,000	7,7	0,708	0,039	-0,118	0,0169	9,375E-4	-0,003
24,100	7,7	0,712	0,024	-0,039	0,0170	5,625E-4	-9,375E-4
24,200	7,6	0,713	0,031	0,118	0,0170	7,500E-4	0,003
24,300	7,6	0,718	0,047	0,118	0,0171	0,001	0,003
24,400	7,5	0,723	0,055	0,039	0,0173	0,001	9,375E-4
24,500	7,5	0,729	0,055	-4,892E-15	0,0174	0,001	-1,171E-16
24,600	7,4	0,734	0,055	-0,039	0,0175	0,001	-9,375E-4
24,700	7,3	0,740	0,047	-0,118	0,0177	0,001	-0,003
24,800	7,3	0,743	0,031	-0,079	0,0177	7,500E-4	-0,002
24,900	7,3	0,746	0,031	0,039	0,0178	7,500E-4	9,375E-4
25,000	7,2	0,749	0,039	-2,776E-15	0,0179	9,375E-4	2,006E-17
25,100	7,2	0,754	0,031	-0,039	0,0180	7,500E-4	-9,375E-4
25,200	7,1	0,756	0,031	0,118	0,0180	7,500E-4	0,003
25,300	7,0	0,760	0,055	0,039	0,0182	0,001	9,375E-4
25,400	7,0	0,767	0,039	-0,079	0,0183	9,375E-4	-0,002
25,500	6,9	0,768	0,039	0,118	0,0183	9,375E-4	0,003
25,600	6,8	0,774	0,063	0,079	0,0185	0,001	0,002
25,700	6,7	0,781	0,055	5,551E-15	0,0186	0,001	1,334E-16
25,800	6,6	0,785	0,063	0,000	0,0188	0,002	-8,674E-17
25,900	6,5	0,793	0,055	-0,118	0,0189	0,001	-0,003
26,000	6,5	0,796	0,039	-0,039	0,0190	9,375E-4	-9,375E-4
26,100	6,4	0,801	0,047	0,039	0,0191	0,001	9,375E-4
26,200	6,3	0,806	0,047	-0,079	0,0192	0,001	-0,002
26,300	6,3	0,811	0,031	-0,039	0,0194	7,500E-4	-9,375E-4
26,400	6,2	0,812	0,039	0,118	0,0194	9,375E-4	0,003
26,500	6,1	0,818	0,055	-3,469E-15	0,0195	0,001	-8,348E-17
26,600	6,1	0,823	0,039	-0,079	0,0197	9,375E-4	-0,002
26,700	6,1	0,826	0,039	0,079	0,0197	9,375E-4	0,002
26,800	6,0	0,831	0,055	0,079	0,0198	0,001	0,002
26,900	5,9	0,837	0,055	-0,118	0,0200	0,001	-0,003
27,000	5,9	0,842	0,031	-0,157	0,0201	7,500E-4	-0,004
27,100	5,9	0,844	0,024	-0,079	0,0201	5,625E-4	-0,002
27,200	5,9	0,847	0,016	2,099E-15	0,0202	3,750E-4	1,366E-16
27,300	5,8	0,847	0,024	0,118	0,0202	5,625E-4	0,003
27,400	5,7	0,851	0,039	0,000	0,0203	9,375E-4	-8,674E-17
27,500	5,7	0,855	0,024	-0,079	0,0204	5,625E-4	-0,002
27,600	5,7	0,856	0,024	0,079	0,0204	5,625E-4	0,002
27,700	5,6	0,859	0,039	0,079	0,0205	9,375E-4	0,002
27,800	5,6	0,864	0,039	-0,039	0,0206	9,375E-4	-9,375E-4
27,900	5,6	0,867	0,031	0,039	0,0207	7,500E-4	9,375E-4
28,000	5,5	0,870	0,047	0,118	0,0208	0,001	0,003
28,100	5,5	0,877	0,055	-0,039	0,0209	0,001	-9,375E-4
28,200	5,4	0,881	0,039	0,039	0,0210	9,375E-4	9,375E-4
28,300	5,3	0,884	0,063	0,196	0,0211	0,001	0,005
28,400	5,3	0,894	0,079	-0,079	0,0213	0,002	-0,002
28,500	5,3	0,900	0,047	-0,196	0,0215	0,001	-0,005
28,600	5,2	0,903	0,039	0,039	0,0216	9,375E-4	9,375E-4
28,700	5,2	0,908	0,055	3,469E-15	0,0217	0,001	8,348E-17
28,800	5,2	0,914	0,039	-0,079	0,0218	9,375E-4	-0,002
28,900	5,1	0,916	0,039	0,157	0,0219	9,375E-4	0,004
29,000	5,0	0,922	0,071	0,196	0,0220	0,002	0,005
29,100	5,0	0,930	0,079	0,039	0,0222	0,002	9,375E-4
29,200	4,9	0,938	0,079	-0,079	0,0224	0,002	-0,002
29,300	4,9	0,946	0,063	-0,157	0,0226	0,002	-0,004
29,400	4,9	0,950	0,047	-0,157	0,0227	0,001	-0,004
29,500	4,8	0,955	0,031	-0,079	0,0228	7,500E-4	-0,002
29,600	4,8	0,957	0,031	0,079	0,0228	7,500E-4	0,002
29,700	4,8	0,961	0,047	2,776E-15	0,0230	0,001	6,668E-17
29,800	4,7	0,966	0,031	-0,039	0,0231	7,500E-4	-9,375E-4
29,900	4,7	0,968	0,039	0,236	0,0231	9,375E-4	0,006
30,000	4,7	0,974	0,079	0,157	0,0233	0,002	0,004
30,100	4,6	0,983	0,071	-0,157	0,0235	0,002	-0,004
30,200	4,6	0,988	0,047	9,021E-15	0,0236	0,001	1,507E-16
30,300	4,6	0,993	0,071	0,196	0,0237	0,002	0,005
30,400	4,5	1,002	0,086	0,039	0,0239	0,002	9,375E-4
30,500	4,5	1,010	0,079	-0,039	0,0241	0,002	-9,375E-4
30,600	4,4	1,018	0,079	0,039	0,0243	0,002	9,375E-4
30,700	4,4	1,026	0,086	0,118	0,0245	0,002	0,003
30,800	4,3	1,035	0,102	0,157	0,0247	0,002	0,004
30,900	4,3	1,046	0,118	-0,039	0,0250	0,003	-9,375E-4
31,000	4,2	1,059	0,094	-0,236	0,0253	0,002	-0,006
31,100	4,2	1,065	0,071	0,039	0,0254	0,002	9,375E-4
31,200	4,2	1,073	0,102	0,039	0,0256	0,002	9,375E-4
31,300	4,1	1,085	0,079	-0,353	0,0259	0,002	-0,008
31,400	4,1	1,089	0,031	-0,157	0,0260	7,500E-4	-0,004
31,500	4,1	1,092	0,047	0,118	0,0261	0,001	0,003
31,600	4,1	1,098	0,055	-0,039	0,0262	0,001	-9,375E-4
31,700	4,1	1,103	0,039	-0,039	0,0263	9,375E-4	-9,375E-4
31,800	4,0	1,106	0,047	0,079	0,0264	0,001	0,002
31,900	4,0	1,112	0,055	-0,039	0,0266	0,001	-9,375E-4
32,000	4,0	1,117	0,039	-0,079	0,0267	9,375E-4	-0,002
32,100	4,0	1,120	0,039	0,079	0,0267	9,375E-4	0,002
32,200	4,0	1,125	0,055	0,079	0,0269	0,001	0,002
32,300	3,9	1,131	0,055	0,039	0,0270	0,001	9,375E-4
32,400	3,9	1,136	0,063	-9,784E-15	0,0271	0,002	-3,198E-16
32,500	3,9	1,144	0,055	-0,236	0,0273	0,001	-0,006
32,600	3,9	1,147	0,016	-0,039	0,0274	3,750E-4	-9,375E-4
32,700	3,9	1,147	0,047	0,353	0,0274	0,001	0,008
32,800	3,8	1,156	0,086	1,395E-14	0,0276	0,002	2,006E-16
32,900	3,8	1,164	0,047	-0,353	0,0278	0,001	-0,008
33,000	3,8	1,166	0,016	-0,196	0,0278	3,750E-4	-0,005
33,100	3,8	1,167	0,008	-0,079	0,0279	1,875E-4	-0,002
33,200	3,8	1,167	0,000	-0,039	0,0279	0,000	-9,375E-4
33,300	3,9	1,167	0,000	0,000	0,0279	0,000	0,000
33,400	3,8	1,167	0,000	0,000	0,0279	0,000	0,000
33,500	3,8	1,167	0,000	0,000	0,0279	0,000	0,000
33,600	3,8	1,167	0,000	0,000	0,0279	0,000	0,000
33,700	3,8	1,167	0,000	0,000	0,0279	0,000	0,000
33,800	3,8	1,167	0,000	0,000	0,0279	0,000	0,000
33,900	3,9	1,167	0,000	0,000	0,0279	0,000	0,000
34,000	3,8	1,167	0,000	0,000	0,0279	0,000	0,000
34,100	3,8	1,167	0,000	0,000	0,0279	0,000	0,000
34,200	3,8	1,167	0,000	0,000	0,0279	0,000	0,000
34,300	3,9	1,167	0,000	0,000	0,0279	0,000	0,000
34,400	3,8	1,167	0,000	0,000	0,0279	0,000	0,000
34,500	3,8	1,167	0,000	0,000	0,0279	0,000	0,000
34,600	3,8	1,167	0,000	0,000	0,0279	0,000	0,000
34,700	3,8	1,167	0,000	0,000	0,0279	0,000	0,000
34,800	3,9	1,167	0,000	0,000	0,0279	0,000	0,000
34,900	3,8	1,167	0,000	0,000	0,0279	0,000	0,000
35,000	3,9	1,167	0,000	0,000	0,0279	0,000	0,000
35,100	3,8	1,167	0,000		0,0279	0,000	
35,200		1,167			0,0279		
