Run #1	Run #1	Run #1	Run #1	Run #1	Run #1	Run #1	Run #1
Time (s)	Light Intensity (%)	Angle (rad)	Angular Velocity (rad/s)	Angular Acceleration (rad/s²)	Position (m)	Velocity (m/s)	Acceleration (m/s²)
0,000	17,9						
0,100	17,9	0,000			0,0000		
0,200	17,9	0,000	0,000		0,0000	0,000	
0,300	17,9	0,000	0,000	0,000	0,0000	0,000	0,000
0,400	17,9	0,000	0,000	0,000	0,0000	0,000	0,000
0,500	17,9	0,000	0,000	0,000	0,0000	0,000	0,000
0,600	17,9	0,000	0,000	0,000	0,0000	0,000	0,000
0,700	17,9	0,000	0,000	0,000	0,0000	0,000	0,000
0,800	17,9	0,000	0,000	0,000	0,0000	0,000	0,000
0,900	17,9	0,000	0,000	0,000	0,0000	0,000	0,000
1,000	17,9	0,000	0,000	0,000	0,0000	0,000	0,000
1,100	17,9	0,000	0,000	0,000	0,0000	0,000	0,000
1,200	17,9	0,000	0,000	0,000	0,0000	0,000	0,000
1,300	17,9	0,000	0,000	0,000	0,0000	0,000	0,000
1,400	17,9	0,000	0,000	0,000	0,0000	0,000	0,000
1,500	17,9	0,000	0,000	0,000	0,0000	0,000	0,000
1,600	17,9	0,000	0,000	0,039	0,0000	0,000	9,375E-4
1,700	17,9	0,000	0,008	0,039	0,0000	1,875E-4	9,375E-4
1,800	17,8	0,002	0,008	-0,039	3,7500E-5	1,875E-4	-9,375E-4
1,900	17,7	0,002	0,000	0,000	3,7500E-5	0,000	0,000
2,000	17,8	0,002	0,008	0,079	3,7500E-5	1,875E-4	0,002
2,100	17,8	0,003	0,016	-4,337E-17	7,5000E-5	3,750E-4	-9,487E-19
2,200	17,8	0,005	0,008	-0,039	1,1250E-4	1,875E-4	-9,375E-4
2,300	17,9	0,005	0,008	0,039	1,1250E-4	1,875E-4	9,375E-4
2,400	17,9	0,006	0,016	6,939E-17	1,5000E-4	3,750E-4	2,033E-18
2,500	17,9	0,008	0,008	-0,039	1,8750E-4	1,875E-4	-9,375E-4
2,600	17,9	0,008	0,008	0,039	1,8750E-4	1,875E-4	9,375E-4
2,700	17,9	0,009	0,016	0,039	2,2500E-4	3,750E-4	9,375E-4
2,800	18,0	0,011	0,016	1,735E-16	2,6250E-4	3,750E-4	3,524E-18
2,900	18,1	0,013	0,016	1,388E-16	3,0000E-4	3,750E-4	3,524E-18
3,000	18,1	0,014	0,016	-2,602E-16	3,3750E-4	3,750E-4	-4,066E-18
3,100	18,0	0,016	0,016	-2,255E-16	3,7500E-4	3,750E-4	-4,066E-18
3,200	18,1	0,017	0,016	0,000	4,1250E-4	3,750E-4	0,000
3,300	18,0	0,019	0,016	1,735E-16	4,5000E-4	3,750E-4	5,421E-18
3,400	17,9	0,020	0,016	1,735E-16	4,8750E-4	3,750E-4	5,421E-18
3,500	17,9	0,022	0,016	-0,039	5,2500E-4	3,750E-4	-9,375E-4
3,600	18,0	0,024	0,008	-0,039	5,6250E-4	1,875E-4	-9,375E-4
3,700	17,8	0,024	0,008	0,039	5,6250E-4	1,875E-4	9,375E-4
3,800	17,7	0,025	0,016	8,674E-17	6,0000E-4	3,750E-4	2,033E-18
3,900	17,7	0,027	0,008	-0,039	6,3750E-4	1,875E-4	-9,375E-4
4,000	17,5	0,027	0,008	0,039	6,3750E-4	1,875E-4	9,375E-4
4,100	17,3	0,028	0,016	1,735E-16	6,7500E-4	3,750E-4	4,201E-18
4,200	17,2	0,030	0,008	-0,039	7,1250E-4	1,875E-4	-9,375E-4
4,300	17,0	0,030	0,008	0,039	7,1250E-4	1,875E-4	9,375E-4
4,400	16,7	0,031	0,016	0,039	7,5000E-4	3,750E-4	9,375E-4
4,500	16,7	0,033	0,016	0,000	7,8750E-4	3,750E-4	0,000
4,600	16,7	0,035	0,016	-0,039	8,2500E-4	3,750E-4	-9,375E-4
4,700	16,7	0,036	0,008	-0,039	8,6250E-4	1,875E-4	-9,375E-4
4,800	16,5	0,036	0,008	1,735E-16	8,6250E-4	1,875E-4	4,201E-18
4,900	16,6	0,038	0,008	-0,039	9,0000E-4	1,875E-4	-9,375E-4
5,000	16,5	0,038	0,000	-0,039	9,0000E-4	0,000	-9,375E-4
5,100	16,5	0,038	0,000	0,000	9,0000E-4	0,000	0,000
5,200	16,5	0,038	0,000	0,039	9,0000E-4	0,000	9,375E-4
5,300	16,4	0,038	0,008	0,079	9,0000E-4	1,875E-4	0,002
5,400	16,3	0,039	0,016	0,000	9,3750E-4	3,750E-4	0,000
5,500	16,1	0,041	0,008	-0,039	9,7500E-4	1,875E-4	-9,375E-4
5,600	16,0	0,041	0,008	0,000	9,7500E-4	1,875E-4	2,711E-18
5,700	16,0	0,042	0,008	0,000	0,0010	1,875E-4	-2,711E-18
5,800	15,8	0,042	0,008	0,039	0,0010	1,875E-4	9,375E-4
5,900	15,9	0,044	0,016	0,039	0,0010	3,750E-4	9,375E-4
6,000	15,8	0,046	0,016	-3,469E-16	0,0011	3,750E-4	-8,403E-18
6,100	15,7	0,047	0,016	0,039	0,0011	3,750E-4	9,375E-4
6,200	15,5	0,049	0,024	0,079	0,0012	5,625E-4	0,002
6,300	15,4	0,052	0,031	5,204E-16	0,0012	7,500E-4	1,247E-17
6,400	15,2	0,055	0,024	-0,118	0,0013	5,625E-4	-0,003
6,500	15,2	0,057	0,008	-0,079	0,0013	1,875E-4	-0,002
6,600	15,1	0,057	0,008	0,000	0,0013	1,875E-4	0,000
6,700	15,2	0,058	0,008	0,000	0,0014	1,875E-4	0,000
6,800	15,0	0,058	0,008	0,039	0,0014	1,875E-4	9,375E-4
6,900	14,7	0,060	0,016	0,079	0,0014	3,750E-4	0,002
7,000	14,5	0,061	0,024	-3,469E-16	0,0015	5,625E-4	-8,403E-18
7,100	14,5	0,064	0,016	-0,079	0,0015	3,750E-4	-0,002
7,200	14,2	0,064	0,008	0,039	0,0015	1,875E-4	9,375E-4
7,300	13,9	0,066	0,024	0,079	0,0016	5,625E-4	0,002
7,400	13,6	0,069	0,024	-0,039	0,0016	5,625E-4	-9,375E-4
7,500	13,4	0,071	0,016	-5,204E-16	0,0017	3,750E-4	-1,247E-17
7,600	13,0	0,072	0,024	0,039	0,0017	5,625E-4	9,375E-4
7,700	12,6	0,075	0,024	0,000	0,0018	5,625E-4	0,000
7,800	12,5	0,077	0,024	0,039	0,0018	5,625E-4	9,375E-4
7,900	12,1	0,080	0,031	5,204E-16	0,0019	7,500E-4	1,789E-17
8,000	12,0	0,083	0,024	-0,079	0,0020	5,625E-4	-0,002
8,100	11,8	0,085	0,016	-0,079	0,0020	3,750E-4	-0,002
8,200	11,7	0,086	0,008	-0,039	0,0021	1,875E-4	-9,375E-4
8,300	11,6	0,086	0,008	0,039	0,0021	1,875E-4	9,375E-4
8,400	11,5	0,088	0,016	0,079	0,0021	3,750E-4	0,002
8,500	11,6	0,090	0,024	-6,939E-16	0,0021	5,625E-4	-2,765E-17
8,600	11,6	0,093	0,016	-0,118	0,0022	3,750E-4	-0,003
8,700	11,6	0,093	0,000	-0,039	0,0022	0,000	-9,375E-4
8,800	11,7	0,093	0,008	0,079	0,0022	1,875E-4	0,002
8,900	12,0	0,094	0,016	0,000	0,0023	3,750E-4	0,000
9,000	12,1	0,096	0,008	-0,079	0,0023	1,875E-4	-0,002
9,100	12,3	0,096	0,000	-3,469E-16	0,0023	0,000	-8,403E-18
9,200	13,3	0,096	0,008	0,079	0,0023	1,875E-4	0,002
9,300	13,5	0,097	0,016	3,469E-16	0,0023	3,750E-4	8,403E-18
9,400	13,9	0,099	0,008	-0,079	0,0024	1,875E-4	-0,002
9,500	14,7	0,099	0,000	-0,039	0,0024	0,000	-9,375E-4
9,600	14,7	0,099	0,000	0,039	0,0024	0,000	9,375E-4
9,700	15,4	0,099	0,008	0,039	0,0024	1,875E-4	9,375E-4
9,800	16,3	0,101	0,008	0,000	0,0024	1,875E-4	0,000
9,900	18,9	0,101	0,008	-3,469E-16	0,0024	1,875E-4	-8,403E-18
10,000	20,2	0,102	0,008	-3,469E-16	0,0024	1,875E-4	-8,403E-18
10,100	20,9	0,102	0,008	3,469E-16	0,0024	1,875E-4	8,403E-18
10,200	21,0	0,104	0,008	-0,039	0,0025	1,875E-4	-9,375E-4
10,300	22,6	0,104	0,000	0,000	0,0025	0,000	0,000
10,400	25,7	0,104	0,008	0,039	0,0025	1,875E-4	9,375E-4
10,500	28,1	0,105	0,008	-3,469E-16	0,0025	1,875E-4	-8,403E-18
10,600	30,0	0,105	0,008	0,039	0,0025	1,875E-4	9,375E-4
10,700	32,1	0,107	0,016	3,469E-16	0,0026	3,750E-4	8,403E-18
10,800	33,5	0,108	0,008	-0,039	0,0026	1,875E-4	-9,375E-4
10,900	37,1	0,108	0,008	0,039	0,0026	1,875E-4	9,375E-4
11,000	38,8	0,110	0,016	-3,469E-16	0,0026	3,750E-4	-8,403E-18
11,100	40,0	0,112	0,008	-0,039	0,0027	1,875E-4	-9,375E-4
11,200	45,4	0,112	0,008	0,039	0,0027	1,875E-4	9,375E-4
11,300	49,9	0,113	0,016	0,000	0,0027	3,750E-4	0,000
11,400	50,3	0,115	0,008	-0,039	0,0027	1,875E-4	-9,375E-4
11,500	51,4	0,115	0,008	-3,469E-16	0,0027	1,875E-4	-8,403E-18
11,600	55,1	0,116	0,008	3,469E-16	0,0028	1,875E-4	8,403E-18
11,700	56,5	0,116	0,008	0,039	0,0028	1,875E-4	9,375E-4
11,800	62,8	0,118	0,016	0,000	0,0028	3,750E-4	0,000
11,900	64,3	0,119	0,008	-0,039	0,0029	1,875E-4	-9,375E-4
12,000	67,6	0,119	0,008	0,079	0,0029	1,875E-4	0,002
12,100	74,4	0,121	0,024	0,039	0,0029	5,625E-4	9,375E-4
12,200	75,1	0,124	0,016	-0,118	0,0030	3,750E-4	-0,003
12,300	75,2	0,124	0,000	-0,079	0,0030	0,000	-0,002
12,400	75,2	0,124	0,000	0,039	0,0030	0,000	9,375E-4
12,500	77,8	0,124	0,008	0,039	0,0030	1,875E-4	9,375E-4
12,600	80,5	0,126	0,008	-0,039	0,0030	1,875E-4	-9,375E-4
12,700	80,5	0,126	0,000	0,000	0,0030	0,000	8,403E-18
12,800	84,0	0,126	0,008	0,079	0,0030	1,875E-4	0,002
12,900	85,0	0,127	0,016	-3,469E-16	0,0030	3,750E-4	-8,403E-18
13,000	86,6	0,129	0,008	-0,039	0,0031	1,875E-4	-9,375E-4
13,100	88,9	0,129	0,008	3,469E-16	0,0031	1,875E-4	8,403E-18
13,200	89,6	0,130	0,008	3,469E-16	0,0031	1,875E-4	8,403E-18
13,300	91,0	0,130	0,008	0,039	0,0031	1,875E-4	9,375E-4
13,400	92,5	0,132	0,016	-3,469E-16	0,0032	3,750E-4	-8,403E-18
13,500	93,5	0,134	0,008	-0,079	0,0032	1,875E-4	-0,002
13,600	93,8	0,134	0,000	-0,039	0,0032	0,000	-9,375E-4
13,700	93,8	0,134	0,000	0,039	0,0032	0,000	9,375E-4
13,800	94,8	0,134	0,008	0,079	0,0032	1,875E-4	0,002
13,900	95,6	0,135	0,016	0,079	0,0032	3,750E-4	0,002
14,000	97,3	0,137	0,024	-6,939E-16	0,0033	5,625E-4	-2,765E-17
14,100	97,3	0,140	0,016	-0,118	0,0033	3,750E-4	-0,003
14,200	97,3	0,140	0,000	-0,039	0,0033	0,000	-9,375E-4
14,300	97,3	0,140	0,008	0,079	0,0033	1,875E-4	0,002
14,400	97,3	0,141	0,016	-3,469E-16	0,0034	3,750E-4	-8,403E-18
14,500	97,3	0,143	0,008	-0,039	0,0034	1,875E-4	-9,375E-4
14,600	97,3	0,143	0,008	0,039	0,0034	1,875E-4	9,375E-4
14,700	97,3	0,145	0,016	3,469E-16	0,0035	3,750E-4	8,403E-18
14,800	97,3	0,146	0,008	-0,039	0,0035	1,875E-4	-9,375E-4
14,900	97,3	0,146	0,008	-3,469E-16	0,0035	1,875E-4	-8,403E-18
15,000	97,3	0,148	0,008	-0,039	0,0035	1,875E-4	-9,375E-4
15,100	97,3	0,148	0,000	3,469E-16	0,0035	0,000	8,403E-18
15,200	97,3	0,148	0,008	0,079	0,0035	1,875E-4	0,002
15,300	97,3	0,149	0,016	0,039	0,0036	3,750E-4	9,375E-4
15,400	97,3	0,151	0,016	-0,039	0,0036	3,750E-4	-9,375E-4
15,500	97,3	0,152	0,008	-0,039	0,0036	1,875E-4	-9,375E-4
15,600	97,3	0,152	0,008	3,469E-16	0,0036	1,875E-4	8,403E-18
15,700	97,3	0,154	0,008	0,039	0,0037	1,875E-4	9,375E-4
15,800	97,3	0,154	0,016	0,079	0,0037	3,750E-4	0,002
15,900	97,3	0,157	0,024	-0,039	0,0038	5,625E-4	-9,375E-4
16,000	97,3	0,159	0,008	-0,079	0,0038	1,875E-4	-0,002
16,100	97,3	0,159	0,008	0,039	0,0038	1,875E-4	9,375E-4
16,200	97,3	0,160	0,016	0,079	0,0038	3,750E-4	0,002
16,300	97,3	0,162	0,024	0,000	0,0039	5,625E-4	0,000
16,400	97,3	0,165	0,016	-0,079	0,0039	3,750E-4	-0,002
16,500	97,3	0,165	0,008	-0,039	0,0039	1,875E-4	-9,375E-4
16,600	97,3	0,167	0,008	0,000	0,0040	1,875E-4	0,000
16,700	97,3	0,167	0,008	0,039	0,0040	1,875E-4	9,375E-4
16,800	97,3	0,168	0,016	0,079	0,0040	3,750E-4	0,002
16,900	95,5	0,170	0,024	1,388E-15	0,0041	5,625E-4	3,334E-17
17,000	94,8	0,173	0,016	-0,079	0,0041	3,750E-4	-0,002
17,100	94,5	0,173	0,008	-0,039	0,0041	1,875E-4	-9,375E-4
17,200	94,2	0,174	0,008	-0,039	0,0042	1,875E-4	-9,375E-4
17,300	94,1	0,174	0,000	-0,039	0,0042	0,000	-9,375E-4
17,400	93,9	0,174	0,000	0,000	0,0042	0,000	0,000
17,500	93,6	0,174	0,000	0,000	0,0042	0,000	0,000
17,600	93,5	0,174	0,000	0,039	0,0042	0,000	9,375E-4
17,700	92,6	0,174	0,008	0,079	0,0042	1,875E-4	0,002
17,800	92,0	0,176	0,016	0,039	0,0042	3,750E-4	9,375E-4
17,900	91,3	0,178	0,016	-0,039	0,0042	3,750E-4	-9,375E-4
18,000	91,1	0,179	0,008	-0,079	0,0043	1,875E-4	-0,002
18,100	91,0	0,179	0,000	-0,039	0,0043	0,000	-9,375E-4
18,200	90,4	0,179	0,000	0,039	0,0043	0,000	9,375E-4
18,300	89,6	0,179	0,008	0,079	0,0043	1,875E-4	0,002
18,400	89,1	0,181	0,016	6,939E-16	0,0043	3,750E-4	1,667E-17
18,500	88,4	0,182	0,008	-0,079	0,0044	1,875E-4	-0,002
18,600	88,1	0,182	0,000	0,000	0,0044	0,000	0,000
18,700	87,1	0,182	0,008	0,079	0,0044	1,875E-4	0,002
18,800	86,9	0,184	0,016	0,000	0,0044	3,750E-4	0,000
18,900	86,9	0,185	0,008	-0,079	0,0044	1,875E-4	-0,002
19,000	86,7	0,185	0,000	-0,039	0,0044	0,000	-9,375E-4
19,100	86,7	0,185	0,000	0,000	0,0044	0,000	0,000
19,200	86,6	0,185	0,000	0,039	0,0044	0,000	9,375E-4
19,300	85,6	0,185	0,008	0,079	0,0044	1,875E-4	0,002
19,400	84,1	0,187	0,016	0,039	0,0045	3,750E-4	9,375E-4
19,500	83,1	0,188	0,016	-1,388E-15	0,0045	3,750E-4	-3,334E-17
19,600	82,6	0,190	0,016	0,000	0,0045	3,750E-4	0,000
19,700	81,9	0,192	0,016	1,388E-15	0,0046	3,750E-4	3,334E-17
19,800	80,7	0,193	0,016	0,000	0,0046	3,750E-4	0,000
19,900	79,5	0,195	0,016	0,000	0,0047	3,750E-4	0,000
20,000	79,0	0,196	0,016	-0,039	0,0047	3,750E-4	-9,375E-4
20,100	78,7	0,198	0,008	-0,039	0,0047	1,875E-4	-9,375E-4
20,200	78,3	0,198	0,008	0,039	0,0047	1,875E-4	9,375E-4
20,300	77,7	0,199	0,016	0,039	0,0048	3,750E-4	9,375E-4
20,400	76,6	0,201	0,016	0,000	0,0048	3,750E-4	0,000
20,500	75,7	0,203	0,016	-1,388E-15	0,0048	3,750E-4	-3,334E-17
20,600	75,3	0,204	0,016	-0,039	0,0049	3,750E-4	-9,375E-4
20,700	75,0	0,206	0,008	-0,039	0,0049	1,875E-4	-9,375E-4
20,800	74,2	0,206	0,008	0,039	0,0049	1,875E-4	9,375E-4
20,900	73,1	0,207	0,016	0,039	0,0050	3,750E-4	9,375E-4
21,000	72,6	0,209	0,016	-1,388E-15	0,0050	3,750E-4	-3,334E-17
21,100	72,2	0,210	0,016	0,000	0,0050	3,750E-4	0,000
21,200	71,2	0,212	0,016	0,039	0,0051	3,750E-4	9,375E-4
21,300	70,0	0,214	0,024	0,039	0,0051	5,625E-4	9,375E-4
21,400	69,4	0,217	0,024	-0,079	0,0052	5,625E-4	-0,002
21,500	69,1	0,218	0,008	-0,118	0,0052	1,875E-4	-0,003
21,600	69,0	0,218	0,000	0,000	0,0052	0,000	0,000
21,700	68,4	0,218	0,008	0,079	0,0052	1,875E-4	0,002
21,800	68,1	0,220	0,016	0,039	0,0053	3,750E-4	9,375E-4
21,900	67,2	0,221	0,016	0,039	0,0053	3,750E-4	9,375E-4
22,000	66,2	0,223	0,024	-1,388E-15	0,0053	5,625E-4	-3,334E-17
22,100	65,7	0,226	0,016	-0,079	0,0054	3,750E-4	-0,002
22,200	65,3	0,226	0,008	1,388E-15	0,0054	1,875E-4	3,334E-17
22,300	64,4	0,228	0,016	0,039	0,0054	3,750E-4	9,375E-4
22,400	63,9	0,229	0,016	-0,039	0,0055	3,750E-4	-9,375E-4
22,500	63,6	0,231	0,008	-0,039	0,0055	1,875E-4	-9,375E-4
22,600	63,2	0,231	0,008	0,039	0,0055	1,875E-4	9,375E-4
22,700	62,5	0,232	0,016	0,039	0,0056	3,750E-4	9,375E-4
22,800	62,1	0,234	0,016	0,000	0,0056	3,750E-4	0,000
22,900	61,8	0,236	0,016	-0,039	0,0056	3,750E-4	-9,375E-4
23,000	61,3	0,237	0,008	-0,039	0,0057	1,875E-4	-9,375E-4
23,100	60,6	0,237	0,008	0,079	0,0057	1,875E-4	0,002
23,200	59,7	0,239	0,024	0,079	0,0057	5,625E-4	0,002
23,300	59,1	0,242	0,024	-0,079	0,0058	5,625E-4	-0,002
23,400	58,5	0,243	0,008	-0,079	0,0058	1,875E-4	-0,002
23,500	58,1	0,243	0,008	0,039	0,0058	1,875E-4	9,375E-4
23,600	57,3	0,245	0,016	0,039	0,0059	3,750E-4	9,375E-4
23,700	56,9	0,247	0,016	1,388E-15	0,0059	3,750E-4	3,334E-17
23,800	56,3	0,248	0,016	-0,039	0,0059	3,750E-4	-9,375E-4
23,900	56,0	0,250	0,008	6,939E-16	0,0060	1,875E-4	0,000
24,000	55,0	0,250	0,016	0,039	0,0060	3,750E-4	9,375E-4
24,100	54,5	0,253	0,016	-0,039	0,0060	3,750E-4	-9,375E-4
24,200	54,2	0,253	0,008	6,939E-16	0,0060	1,875E-4	3,334E-17
24,300	53,3	0,254	0,016	0,079	0,0061	3,750E-4	0,002
24,400	52,5	0,256	0,024	0,039	0,0061	5,625E-4	9,375E-4
24,500	51,8	0,259	0,024	-0,039	0,0062	5,625E-4	-9,375E-4
24,600	51,3	0,261	0,016	-0,039	0,0062	3,750E-4	-9,375E-4
24,700	50,7	0,262	0,016	1,388E-15	0,0063	3,750E-4	3,334E-17
24,800	50,2	0,264	0,016	0,000	0,0063	3,750E-4	0,000
24,900	49,2	0,265	0,016	0,000	0,0063	3,750E-4	0,000
25,000	48,7	0,267	0,016	-1,388E-15	0,0064	3,750E-4	-3,334E-17
25,100	48,4	0,269	0,016	-0,039	0,0064	3,750E-4	-9,375E-4
25,200	48,1	0,270	0,008	-0,039	0,0065	1,875E-4	-9,375E-4
25,300	47,8	0,270	0,008	0,000	0,0065	1,875E-4	0,000
25,400	47,5	0,272	0,008	0,000	0,0065	1,875E-4	0,000
25,500	47,1	0,272	0,008	0,039	0,0065	1,875E-4	9,375E-4
25,600	46,7	0,273	0,016	0,000	0,0065	3,750E-4	0,000
25,700	46,2	0,275	0,008	-0,039	0,0066	1,875E-4	-9,375E-4
25,800	45,9	0,275	0,008	0,039	0,0066	1,875E-4	9,375E-4
25,900	45,3	0,276	0,016	0,079	0,0066	3,750E-4	0,002
26,000	44,6	0,278	0,024	0,039	0,0066	5,625E-4	9,375E-4
26,100	43,9	0,281	0,024	-0,039	0,0067	5,625E-4	-9,375E-4
26,200	43,4	0,283	0,016	-0,039	0,0068	3,750E-4	-9,375E-4
26,300	43,0	0,284	0,016	0,000	0,0068	3,750E-4	0,000
26,400	42,3	0,286	0,016	0,039	0,0068	3,750E-4	9,375E-4
26,500	41,4	0,287	0,024	0,039	0,0069	5,625E-4	9,375E-4
26,600	41,1	0,291	0,024	-0,079	0,0069	5,625E-4	-0,002
26,700	40,9	0,292	0,008	-0,079	0,0070	1,875E-4	-0,002
26,800	40,7	0,292	0,008	0,039	0,0070	1,875E-4	9,375E-4
26,900	40,2	0,294	0,016	0,039	0,0070	3,750E-4	9,375E-4
27,000	39,7	0,295	0,016	-0,039	0,0071	3,750E-4	-9,375E-4
27,100	39,4	0,297	0,008	-0,039	0,0071	1,875E-4	-9,375E-4
27,200	38,9	0,297	0,008	0,079	0,0071	1,875E-4	0,002
27,300	38,4	0,298	0,024	0,039	0,0071	5,625E-4	9,375E-4
27,400	38,0	0,302	0,016	-0,079	0,0072	3,750E-4	-0,002
27,500	37,6	0,302	0,008	-1,388E-15	0,0072	1,875E-4	-3,334E-17
27,600	37,3	0,303	0,016	0,039	0,0072	3,750E-4	9,375E-4
27,700	36,8	0,305	0,016	0,039	0,0073	3,750E-4	9,375E-4
27,800	36,4	0,306	0,024	0,000	0,0073	5,625E-4	0,000
27,900	36,1	0,309	0,016	-0,079	0,0074	3,750E-4	-0,002
28,000	35,9	0,309	0,008	-1,388E-15	0,0074	1,875E-4	-3,334E-17
28,100	35,2	0,311	0,016	0,079	0,0074	3,750E-4	0,002
28,200	34,7	0,313	0,024	0,039	0,0075	5,625E-4	9,375E-4
28,300	34,3	0,316	0,024	0,000	0,0075	5,625E-4	0,000
28,400	33,6	0,317	0,024	0,000	0,0076	5,625E-4	0,000
28,500	33,1	0,320	0,024	-0,079	0,0077	5,625E-4	-0,002
28,600	33,0	0,322	0,008	-0,079	0,0077	1,875E-4	-0,002
28,700	32,7	0,322	0,008	0,039	0,0077	1,875E-4	9,375E-4
28,800	32,3	0,324	0,016	0,039	0,0077	3,750E-4	9,375E-4
28,900	32,1	0,325	0,016	-0,039	0,0078	3,750E-4	-9,375E-4
29,000	31,8	0,327	0,008	-0,039	0,0078	1,875E-4	-9,375E-4
29,100	31,6	0,327	0,008	0,039	0,0078	1,875E-4	9,375E-4
29,200	31,3	0,328	0,016	0,039	0,0078	3,750E-4	9,375E-4
29,300	30,8	0,330	0,016	0,039	0,0079	3,750E-4	9,375E-4
29,400	30,1	0,331	0,024	0,079	0,0079	5,625E-4	0,002
29,500	29,5	0,335	0,031	-2,099E-15	0,0080	7,500E-4	-4,987E-17
29,600	29,0	0,338	0,024	-0,079	0,0081	5,625E-4	-0,002
29,700	28,6	0,339	0,016	-0,039	0,0081	3,750E-4	-9,375E-4
29,800	28,3	0,341	0,016	-0,039	0,0081	3,750E-4	-9,375E-4
29,900	28,2	0,342	0,008	-0,039	0,0082	1,875E-4	-9,375E-4
30,000	28,1	0,342	0,008	-6,939E-16	0,0082	1,875E-4	-1,667E-17
30,100	27,9	0,344	0,008	0,039	0,0082	1,875E-4	9,375E-4
30,200	27,4	0,344	0,016	0,039	0,0082	3,750E-4	9,375E-4
30,300	27,3	0,347	0,016	-0,039	0,0083	3,750E-4	-9,375E-4
30,400	27,0	0,347	0,008	0,000	0,0083	1,875E-4	-4,337E-17
30,500	26,6	0,349	0,016	0,039	0,0083	3,750E-4	9,375E-4
30,600	26,3	0,350	0,016	0,000	0,0084	3,750E-4	0,000
30,700	26,0	0,352	0,016	1,388E-15	0,0084	3,750E-4	3,334E-17
30,800	25,7	0,353	0,016	0,000	0,0084	3,750E-4	0,000
30,900	25,4	0,355	0,016	0,039	0,0085	3,750E-4	9,375E-4
31,000	25,1	0,357	0,024	0,039	0,0085	5,625E-4	9,375E-4
31,100	24,8	0,360	0,024	-0,039	0,0086	5,625E-4	-9,375E-4
31,200	24,3	0,361	0,016	2,099E-15	0,0086	3,750E-4	4,987E-17
31,300	23,8	0,363	0,024	0,039	0,0087	5,625E-4	9,375E-4
31,400	23,5	0,366	0,024	-0,039	0,0087	5,625E-4	-9,375E-4
31,500	23,1	0,368	0,016	-0,039	0,0088	3,750E-4	-9,375E-4
31,600	22,8	0,369	0,016	0,000	0,0088	3,750E-4	0,000
31,700	22,5	0,371	0,016	1,388E-15	0,0089	3,750E-4	3,334E-17
31,800	22,3	0,372	0,016	0,039	0,0089	3,750E-4	9,375E-4
31,900	22,0	0,374	0,024	0,000	0,0089	5,625E-4	4,337E-17
32,000	21,8	0,377	0,016	-0,079	0,0090	3,750E-4	-0,002
32,100	21,6	0,377	0,008	-1,388E-15	0,0090	1,875E-4	-7,671E-17
32,200	21,3	0,379	0,016	0,079	0,0090	3,750E-4	0,002
32,300	20,8	0,380	0,024	0,079	0,0091	5,625E-4	0,002
32,400	20,3	0,383	0,031	-4,198E-15	0,0092	7,500E-4	-1,003E-16
32,500	20,0	0,386	0,024	-0,079	0,0092	5,625E-4	-0,002
32,600	19,9	0,388	0,016	-0,079	0,0093	3,750E-4	-0,002
32,700	19,8	0,390	0,008	-0,039	0,0093	1,875E-4	-9,375E-4
32,800	19,7	0,390	0,008	1,396E-15	0,0093	1,875E-4	3,320E-17
32,900	19,6	0,391	0,008	-1,396E-15	0,0093	1,875E-4	-3,320E-17
33,000	19,4	0,391	0,008	0,039	0,0093	1,875E-4	9,375E-4
33,100	19,1	0,393	0,016	0,039	0,0094	3,750E-4	9,375E-4
33,200	18,9	0,394	0,016	0,039	0,0094	3,750E-4	9,375E-4
33,300	18,5	0,396	0,024	0,039	0,0095	5,625E-4	9,375E-4
33,400	18,2	0,399	0,024	-0,039	0,0095	5,625E-4	-9,375E-4
33,500	18,1	0,401	0,016	-0,079	0,0096	3,750E-4	-0,002
33,600	18,0	0,402	0,008	-0,039	0,0096	1,875E-4	-9,375E-4
33,700	17,8	0,402	0,008	0,039	0,0096	1,875E-4	9,375E-4
33,800	17,5	0,404	0,016	0,039	0,0096	3,750E-4	9,375E-4
33,900	17,4	0,405	0,016	-2,793E-15	0,0097	3,750E-4	-6,641E-17
34,000	17,3	0,407	0,016	-0,039	0,0097	3,750E-4	-9,375E-4
34,100	17,2	0,408	0,008	-0,039	0,0098	1,875E-4	-9,375E-4
34,200	17,0	0,408	0,008	0,079	0,0098	1,875E-4	0,002
34,300	16,7	0,410	0,024	0,079	0,0098	5,625E-4	0,002
34,400	16,4	0,413	0,024	-0,039	0,0099	5,625E-4	-9,375E-4
34,500	16,2	0,415	0,016	-0,039	0,0099	3,750E-4	-9,375E-4
34,600	16,1	0,416	0,016	0,000	0,0099	3,750E-4	0,000
34,700	15,9	0,418	0,016	-0,039	0,0100	3,750E-4	-9,375E-4
34,800	15,9	0,419	0,008	-0,039	0,0100	1,875E-4	-9,375E-4
34,900	15,8	0,419	0,008	0,039	0,0100	1,875E-4	9,375E-4
35,000	15,6	0,421	0,016	0,039	0,0101	3,750E-4	9,375E-4
35,100	15,5	0,423	0,016	0,000	0,0101	3,750E-4	0,000
35,200	15,2	0,424	0,016	2,793E-15	0,0101	3,750E-4	6,641E-17
35,300	15,0	0,426	0,016	2,793E-15	0,0102	3,750E-4	6,641E-17
35,400	14,9	0,427	0,016	-0,039	0,0102	3,750E-4	-9,375E-4
35,500	14,9	0,429	0,008	-0,039	0,0102	1,875E-4	-9,375E-4
35,600	14,7	0,429	0,008	0,039	0,0102	1,875E-4	9,375E-4
35,700	14,6	0,430	0,016	1,396E-15	0,0103	3,750E-4	3,320E-17
35,800	14,5	0,432	0,008	-0,039	0,0103	1,875E-4	-9,375E-4
35,900	14,4	0,432	0,008	0,039	0,0103	1,875E-4	9,375E-4
36,000	14,3	0,434	0,016	-1,396E-15	0,0104	3,750E-4	-3,320E-17
36,100	14,2	0,435	0,008	-0,039	0,0104	1,875E-4	-9,375E-4
36,200	14,1	0,435	0,008	0,039	0,0104	1,875E-4	9,375E-4
36,300	13,9	0,437	0,016	0,039	0,0104	3,750E-4	9,375E-4
36,400	13,7	0,438	0,016	0,039	0,0105	3,750E-4	9,375E-4
36,500	13,5	0,440	0,024	0,039	0,0105	5,625E-4	9,375E-4
36,600	13,4	0,443	0,024	-0,039	0,0106	5,625E-4	-9,375E-4
36,700	13,1	0,445	0,016	4,198E-15	0,0106	3,750E-4	1,003E-16
36,800	12,9	0,446	0,024	0,039	0,0106	5,625E-4	9,375E-4
36,900	12,7	0,449	0,024	-4,198E-15	0,0107	5,625E-4	-1,003E-16
37,000	12,5	0,451	0,024	-0,039	0,0108	5,625E-4	-9,375E-4
37,100	12,4	0,454	0,016	-0,079	0,0108	3,750E-4	-0,002
37,200	12,4	0,454	0,008	2,793E-15	0,0108	1,875E-4	2,304E-17
37,300	12,3	0,456	0,016	1,396E-15	0,0109	3,750E-4	3,320E-17
37,400	12,2	0,457	0,008	-0,039	0,0109	1,875E-4	-9,375E-4
37,500	12,1	0,457	0,008	0,039	0,0109	1,875E-4	9,375E-4
37,600	12,0	0,459	0,016	0,039	0,0109	3,750E-4	9,375E-4
37,700	11,8	0,460	0,016	2,793E-15	0,0110	3,750E-4	6,641E-17
37,800	11,7	0,462	0,016	2,793E-15	0,0110	3,750E-4	6,641E-17
37,900	11,6	0,463	0,016	-2,793E-15	0,0111	3,750E-4	-6,641E-17
38,000	11,5	0,465	0,016	-0,039	0,0111	3,750E-4	-9,375E-4
38,100	11,4	0,467	0,008	-0,039	0,0111	1,875E-4	-9,375E-4
38,200	11,3	0,467	0,008	0,039	0,0111	1,875E-4	9,375E-4
38,300	11,2	0,468	0,016	0,039	0,0112	3,750E-4	9,375E-4
38,400	11,1	0,470	0,016	0,039	0,0112	3,750E-4	9,375E-4
38,500	11,0	0,471	0,024	0,039	0,0112	5,625E-4	9,375E-4
38,600	10,9	0,474	0,024	-0,079	0,0113	5,625E-4	-0,002
38,700	10,8	0,476	0,008	-0,039	0,0114	1,875E-4	-9,375E-4
38,800	10,7	0,476	0,016	0,039	0,0114	3,750E-4	9,375E-4
38,900	10,6	0,479	0,016	-0,039	0,0114	3,750E-4	-9,375E-4
39,000	10,6	0,479	0,008	-0,039	0,0114	1,875E-4	-9,375E-4
39,100	10,4	0,481	0,008	-1,396E-15	0,0115	1,875E-4	-3,320E-17
39,200	10,4	0,481	0,008	0,039	0,0115	1,875E-4	9,375E-4
39,300	10,4	0,482	0,016	0,039	0,0115	3,750E-4	9,375E-4
39,400	10,2	0,484	0,016	2,793E-15	0,0115	3,750E-4	6,641E-17
39,500	10,1	0,485	0,016	0,039	0,0116	3,750E-4	9,375E-4
39,600	9,9	0,487	0,024	0,039	0,0116	5,625E-4	9,375E-4
39,700	9,9	0,490	0,024	-0,079	0,0117	5,625E-4	-0,002
39,800	9,8	0,492	0,008	-0,079	0,0117	1,875E-4	-0,002
39,900	9,8	0,492	0,008	1,396E-15	0,0117	1,875E-4	3,320E-17
40,000	9,8	0,493	0,008	-1,396E-15	0,0118	1,875E-4	-3,320E-17
40,100	9,7	0,493	0,008	-1,396E-15	0,0118	1,875E-4	-3,320E-17
40,200	9,6	0,495	0,008	0,039	0,0118	1,875E-4	9,375E-4
40,300	9,5	0,495	0,016	0,079	0,0118	3,750E-4	0,002
40,400	9,5	0,498	0,024	-0,039	0,0119	5,625E-4	-9,375E-4
40,500	9,4	0,500	0,008	-0,079	0,0119	1,875E-4	-0,002
40,600	9,4	0,500	0,008	0,039	0,0119	1,875E-4	9,375E-4
40,700	9,3	0,501	0,016	0,039	0,0120	3,750E-4	9,375E-4
40,800	9,2	0,503	0,016	-0,039	0,0120	3,750E-4	-9,375E-4
40,900	9,2	0,504	0,008	-0,039	0,0120	1,875E-4	-9,375E-4
41,000	9,2	0,504	0,008	0,039	0,0120	1,875E-4	9,375E-4
41,100	9,1	0,506	0,016	0,039	0,0121	3,750E-4	9,375E-4
41,200	9,0	0,507	0,016	0,000	0,0121	3,750E-4	0,000
41,300	8,9	0,509	0,016	2,793E-15	0,0121	3,750E-4	6,641E-17
41,400	8,9	0,511	0,016	2,793E-15	0,0122	3,750E-4	6,641E-17
41,500	8,8	0,512	0,016	-2,793E-15	0,0122	3,750E-4	-6,641E-17
41,600	8,7	0,514	0,016	0,039	0,0123	3,750E-4	9,375E-4
41,700	8,6	0,515	0,024	0,039	0,0123	5,625E-4	9,375E-4
41,800	8,5	0,518	0,024	-0,039	0,0124	5,625E-4	-9,375E-4
41,900	8,5	0,520	0,016	-0,039	0,0124	3,750E-4	-9,375E-4
42,000	8,4	0,522	0,016	-2,793E-15	0,0124	3,750E-4	-6,641E-17
42,100	8,3	0,523	0,016	-2,793E-15	0,0125	3,750E-4	-6,641E-17
42,200	8,3	0,525	0,016	-0,039	0,0125	3,750E-4	-9,375E-4
42,300	8,3	0,526	0,008	-0,039	0,0126	1,875E-4	-9,375E-4
42,400	8,2	0,526	0,008	0,039	0,0126	1,875E-4	9,375E-4
42,500	8,2	0,528	0,016	0,039	0,0126	3,750E-4	9,375E-4
42,600	8,1	0,529	0,016	-2,793E-15	0,0126	3,750E-4	-6,641E-17
42,700	8,1	0,531	0,016	0,000	0,0127	3,750E-4	0,000
42,800	8,1	0,533	0,016	2,793E-15	0,0127	3,750E-4	6,641E-17
42,900	8,0	0,534	0,016	2,793E-15	0,0127	3,750E-4	6,641E-17
43,000	7,8	0,536	0,016	-0,039	0,0128	3,750E-4	-9,375E-4
43,100	7,8	0,537	0,008	-0,039	0,0128	1,875E-4	-9,375E-4
43,200	7,8	0,537	0,008	0,000	0,0128	1,875E-4	0,000
43,300	7,8	0,539	0,008	1,396E-15	0,0129	1,875E-4	3,320E-17
43,400	7,7	0,539	0,008	0,039	0,0129	1,875E-4	9,375E-4
43,500	7,7	0,540	0,016	0,039	0,0129	3,750E-4	9,375E-4
43,600	7,6	0,542	0,016	-0,039	0,0129	3,750E-4	-9,375E-4
43,700	7,6	0,543	0,008	0,000	0,0130	1,875E-4	4,337E-17
43,800	7,6	0,543	0,016	0,118	0,0130	3,750E-4	0,003
43,900	7,4	0,547	0,031	0,039	0,0130	7,500E-4	9,375E-4
44,000	7,4	0,550	0,024	-0,079	0,0131	5,625E-4	-0,002
44,100	7,4	0,551	0,016	-0,039	0,0132	3,750E-4	-9,375E-4
44,200	7,3	0,553	0,016	0,000	0,0132	3,750E-4	0,000
44,300	7,3	0,554	0,016	2,793E-15	0,0132	3,750E-4	6,641E-17
44,400	7,2	0,556	0,016	2,793E-15	0,0133	3,750E-4	6,641E-17
44,500	7,2	0,558	0,016	-2,793E-15	0,0133	3,750E-4	-6,641E-17
44,600	7,2	0,559	0,016	-2,793E-15	0,0133	3,750E-4	-6,641E-17
44,700	7,1	0,561	0,016	0,000	0,0134	3,750E-4	0,000
44,800	7,1	0,562	0,016	2,793E-15	0,0134	3,750E-4	6,641E-17
44,900	7,1	0,564	0,016	2,793E-15	0,0135	3,750E-4	6,641E-17
45,000	7,1	0,565	0,016	-2,793E-15	0,0135	3,750E-4	-6,641E-17
45,100	7,0	0,567	0,016	-2,793E-15	0,0135	3,750E-4	-6,641E-17
45,200	7,0	0,569	0,016	0,000	0,0136	3,750E-4	0,000
45,300	7,0	0,570	0,016	2,793E-15	0,0136	3,750E-4	6,641E-17
45,400	6,9	0,572	0,016	-0,039	0,0136	3,750E-4	-9,375E-4
45,500	6,9	0,573	0,008	-0,039	0,0137	1,875E-4	-9,375E-4
45,600	6,9	0,573	0,008	0,079	0,0137	1,875E-4	0,002
45,700	6,9	0,575	0,024	0,039	0,0137	5,625E-4	9,375E-4
45,800	6,9	0,578	0,016	-0,079	0,0138	3,750E-4	-0,002
45,900	6,8	0,578	0,008	0,039	0,0138	1,875E-4	9,375E-4
46,000	6,8	0,580	0,024	0,039	0,0138	5,625E-4	9,375E-4
46,100	6,8	0,583	0,016	-0,079	0,0139	3,750E-4	-0,002
46,200	6,8	0,583	0,008	0,000	0,0139	1,875E-4	-4,337E-17
46,300	6,8	0,584	0,016	0,039	0,0139	3,750E-4	9,375E-4
46,400	6,8	0,586	0,016	2,793E-15	0,0140	3,750E-4	6,641E-17
46,500	6,7	0,587	0,016	-2,793E-15	0,0140	3,750E-4	-6,641E-17
46,600	6,7	0,589	0,016	-2,793E-15	0,0141	3,750E-4	-6,641E-17
46,700	6,7	0,591	0,016	-0,039	0,0141	3,750E-4	-9,375E-4
46,800	6,7	0,592	0,008	2,793E-15	0,0141	1,875E-4	1,098E-16
46,900	6,7	0,592	0,016	0,079	0,0141	3,750E-4	0,002
47,000	6,7	0,595	0,024	-2,793E-15	0,0142	5,625E-4	-1,098E-16
47,100	6,6	0,597	0,016	-0,079	0,0142	3,750E-4	-0,002
47,200	6,6	0,598	0,008	-0,039	0,0143	1,875E-4	-9,375E-4
47,300	6,6	0,598	0,008	0,039	0,0143	1,875E-4	9,375E-4
47,400	6,6	0,600	0,016	1,396E-15	0,0143	3,750E-4	3,320E-17
47,500	6,7	0,602	0,008	-0,039	0,0144	1,875E-4	-9,375E-4
47,600	6,6	0,602	0,008	0,039	0,0144	1,875E-4	9,375E-4
47,700	6,6	0,603	0,016	0,039	0,0144	3,750E-4	9,375E-4
47,800	6,6	0,605	0,016	2,793E-15	0,0144	3,750E-4	6,641E-17
47,900	6,6	0,606	0,016	2,793E-15	0,0145	3,750E-4	6,641E-17
48,000	6,6	0,608	0,016	-0,039	0,0145	3,750E-4	-9,375E-4
48,100	6,6	0,609	0,008	-0,039	0,0145	1,875E-4	-9,375E-4
48,200	6,6	0,609	0,008	0,000	0,0145	1,875E-4	0,000
48,300	6,6	0,611	0,008	1,396E-15	0,0146	1,875E-4	3,320E-17
48,400	6,6	0,611	0,008	0,039	0,0146	1,875E-4	9,375E-4
48,500	6,6	0,613	0,016	-1,396E-15	0,0146	3,750E-4	-3,320E-17
48,600	6,6	0,614	0,008	-0,039	0,0147	1,875E-4	-9,375E-4
48,700	6,6	0,614	0,008	0,000	0,0147	1,875E-4	0,000
48,800	6,6	0,616	0,008	1,396E-15	0,0147	1,875E-4	3,320E-17
48,900	6,6	0,616	0,008	0,039	0,0147	1,875E-4	9,375E-4
49,000	6,6	0,617	0,016	-1,396E-15	0,0147	3,750E-4	-3,320E-17
49,100	6,6	0,619	0,008	-2,793E-15	0,0148	1,875E-4	-2,304E-17
49,200	6,5	0,619	0,016	0,079	0,0148	3,750E-4	0,002
49,300	6,6	0,622	0,024	-0,039	0,0148	5,625E-4	-9,375E-4
49,400	6,6	0,624	0,008	-0,079	0,0149	1,875E-4	-0,002
49,500	6,6	0,624	0,008	0,039	0,0149	1,875E-4	9,375E-4
49,600	6,5	0,625	0,016	-1,396E-15	0,0149	3,750E-4	-3,320E-17
49,700	6,6	0,627	0,008	-0,039	0,0150	1,875E-4	-9,375E-4
49,800	6,6	0,627	0,008	1,396E-15	0,0150	1,875E-4	3,320E-17
49,900	6,6	0,628	0,008	1,396E-15	0,0150	1,875E-4	3,320E-17
50,000	6,5	0,628	0,008	0,039	0,0150	1,875E-4	9,375E-4
50,100	6,5	0,630	0,016	0,079	0,0150	3,750E-4	0,002
50,200	6,6	0,631	0,024	0,039	0,0151	5,625E-4	9,375E-4
50,300	6,6	0,635	0,024	-0,079	0,0151	5,625E-4	-0,002
50,400	6,5	0,636	0,008	-0,079	0,0152	1,875E-4	-0,002
50,500	6,6	0,636	0,008	0,039	0,0152	1,875E-4	9,375E-4
50,600	6,6	0,638	0,016	-1,396E-15	0,0152	3,750E-4	-3,320E-17
50,700	6,5	0,639	0,008	-0,079	0,0153	1,875E-4	-0,002
50,800	6,6	0,639	0,000	1,396E-15	0,0153	0,000	3,320E-17
50,900	6,6	0,639	0,008	0,039	0,0153	1,875E-4	9,375E-4
51,000	6,5	0,641	0,008	-1,396E-15	0,0153	1,875E-4	-3,320E-17
51,100	6,6	0,641	0,008	0,039	0,0153	1,875E-4	9,375E-4
51,200	6,6	0,642	0,016	0,039	0,0153	3,750E-4	9,375E-4
51,300	6,6	0,644	0,016	-0,039	0,0154	3,750E-4	-9,375E-4
51,400	6,6	0,646	0,008	-0,039	0,0154	1,875E-4	-9,375E-4
51,500	6,6	0,646	0,008	0,039	0,0154	1,875E-4	9,375E-4
51,600	6,6	0,647	0,016	-1,396E-15	0,0154	3,750E-4	-3,320E-17
51,700	6,6	0,649	0,008	-0,039	0,0155	1,875E-4	-9,375E-4
51,800	6,6	0,649	0,008	1,396E-15	0,0155	1,875E-4	3,320E-17
51,900	6,6	0,650	0,008	1,396E-15	0,0155	1,875E-4	3,320E-17
52,000	6,6	0,650	0,008	0,039	0,0155	1,875E-4	9,375E-4
52,100	6,6	0,652	0,016	0,039	0,0156	3,750E-4	9,375E-4
52,200	6,6	0,653	0,016	0,000	0,0156	3,750E-4	0,000
52,300	6,6	0,655	0,016	0,039	0,0156	3,750E-4	9,375E-4
52,400	6,6	0,657	0,024	0,039	0,0157	5,625E-4	9,375E-4
52,500	6,7	0,660	0,024	-0,079	0,0157	5,625E-4	-0,002
52,600	6,7	0,661	0,008	-0,079	0,0158	1,875E-4	-0,002
52,700	6,7	0,661	0,008	0,039	0,0158	1,875E-4	9,375E-4
52,800	6,7	0,663	0,016	0,039	0,0158	3,750E-4	9,375E-4
52,900	6,7	0,664	0,016	2,793E-15	0,0159	3,750E-4	6,641E-17
53,000	6,7	0,666	0,016	-0,039	0,0159	3,750E-4	-9,375E-4
53,100	6,7	0,668	0,008	-0,039	0,0159	1,875E-4	-9,375E-4
53,200	6,7	0,668	0,008	0,000	0,0159	1,875E-4	0,000
53,300	6,7	0,669	0,008	1,396E-15	0,0160	1,875E-4	3,320E-17
53,400	6,7	0,669	0,008	1,396E-15	0,0160	1,875E-4	3,320E-17
53,500	6,7	0,671	0,008	-1,396E-15	0,0160	1,875E-4	-3,320E-17
53,600	6,8	0,671	0,008	0,039	0,0160	1,875E-4	9,375E-4
53,700	6,8	0,672	0,016	0,039	0,0160	3,750E-4	9,375E-4
53,800	6,8	0,674	0,016	-0,039	0,0161	3,750E-4	-9,375E-4
53,900	6,8	0,675	0,008	-0,039	0,0161	1,875E-4	-9,375E-4
54,000	6,8	0,675	0,008	-1,396E-15	0,0161	1,875E-4	-3,320E-17
54,100	6,8	0,677	0,008	-1,396E-15	0,0162	1,875E-4	-3,320E-17
54,200	6,8	0,677	0,008	0,000	0,0162	1,875E-4	0,000
54,300	6,8	0,679	0,008	1,396E-15	0,0162	1,875E-4	3,320E-17
54,400	6,8	0,679	0,008	0,039	0,0162	1,875E-4	9,375E-4
54,500	6,9	0,680	0,016	-1,396E-15	0,0162	3,750E-4	-3,320E-17
54,600	6,9	0,682	0,008	-0,039	0,0163	1,875E-4	-9,375E-4
54,700	6,9	0,682	0,008	0,000	0,0163	1,875E-4	0,000
54,800	6,9	0,683	0,008	1,396E-15	0,0163	1,875E-4	3,320E-17
54,900	6,9	0,683	0,008	0,039	0,0163	1,875E-4	9,375E-4
55,000	6,9	0,685	0,016	-1,396E-15	0,0163	3,750E-4	-3,320E-17
55,100	6,9	0,686	0,008	-0,039	0,0164	1,875E-4	-9,375E-4
55,200	6,9	0,686	0,008	0,039	0,0164	1,875E-4	9,375E-4
55,300	7,0	0,688	0,016	0,039	0,0164	3,750E-4	9,375E-4
55,400	7,0	0,690	0,016	2,793E-15	0,0165	3,750E-4	6,641E-17
55,500	7,0	0,691	0,016	-0,039	0,0165	3,750E-4	-9,375E-4
55,600	7,0	0,693	0,008	-0,039	0,0165	1,875E-4	-9,375E-4
55,700	7,0	0,693	0,008	0,000	0,0165	1,875E-4	0,000
55,800	7,0	0,694	0,008	1,396E-15	0,0166	1,875E-4	3,320E-17
55,900	7,1	0,694	0,008	0,039	0,0166	1,875E-4	9,375E-4
56,000	7,1	0,696	0,016	0,079	0,0166	3,750E-4	0,002
56,100	7,1	0,697	0,024	-2,793E-15	0,0166	5,625E-4	-6,641E-17
56,200	7,2	0,701	0,016	-0,079	0,0167	3,750E-4	-0,002
56,300	7,1	0,701	0,008	2,793E-15	0,0167	1,875E-4	6,641E-17
56,400	7,1	0,702	0,016	0,039	0,0168	3,750E-4	9,375E-4
56,500	7,1	0,704	0,016	-0,039	0,0168	3,750E-4	-9,375E-4
56,600	7,2	0,705	0,008	-0,039	0,0168	1,875E-4	-9,375E-4
56,700	7,2	0,705	0,008	0,039	0,0168	1,875E-4	9,375E-4
56,800	7,2	0,707	0,016	1,396E-15	0,0169	3,750E-4	3,320E-17
56,900	7,2	0,708	0,008	-0,039	0,0169	1,875E-4	-9,375E-4
57,000	7,2	0,708	0,008	0,039	0,0169	1,875E-4	9,375E-4
57,100	7,2	0,710	0,016	-1,396E-15	0,0169	3,750E-4	-3,320E-17
57,200	7,2	0,712	0,008	-0,039	0,0170	1,875E-4	-9,375E-4
57,300	7,3	0,712	0,008	0,039	0,0170	1,875E-4	9,375E-4
57,400	7,2	0,713	0,016	1,396E-15	0,0170	3,750E-4	3,320E-17
57,500	7,3	0,715	0,008	-0,039	0,0171	1,875E-4	-9,375E-4
57,600	7,3	0,715	0,008	-1,396E-15	0,0171	1,875E-4	-3,320E-17
57,700	7,3	0,716	0,008	0,000	0,0171	1,875E-4	0,000
57,800	7,3	0,716	0,008	1,396E-15	0,0171	1,875E-4	3,320E-17
57,900	7,3	0,718	0,008	1,396E-15	0,0171	1,875E-4	3,320E-17
58,000	7,3	0,718	0,008	-1,396E-15	0,0171	1,875E-4	-3,320E-17
58,100	7,3	0,719	0,008	-1,396E-15	0,0172	1,875E-4	-3,320E-17
58,200	7,4	0,719	0,008	0,000	0,0172	1,875E-4	0,000
58,300	7,4	0,721	0,008	1,396E-15	0,0172	1,875E-4	3,320E-17
58,400	7,4	0,721	0,008	1,396E-15	0,0172	1,875E-4	3,320E-17
58,500	7,4	0,723	0,008	-1,396E-15	0,0172	1,875E-4	-3,320E-17
58,600	7,4	0,723	0,008	0,039	0,0172	1,875E-4	9,375E-4
58,700	7,4	0,724	0,016	0,000	0,0173	3,750E-4	0,000
58,800	7,4	0,726	0,008	-0,039	0,0173	1,875E-4	-9,375E-4
58,900	7,5	0,726	0,008	1,396E-15	0,0173	1,875E-4	3,320E-17
59,000	7,4	0,727	0,008	-0,039	0,0174	1,875E-4	-9,375E-4
59,100	7,5	0,727	0,000	-1,396E-15	0,0174	0,000	-3,320E-17
59,200	7,5	0,727	0,008	0,079	0,0174	1,875E-4	0,002
59,300	7,5	0,729	0,016	0,079	0,0174	3,750E-4	0,002
59,400	7,6	0,730	0,024	0,079	0,0174	5,625E-4	0,002
59,500	7,7	0,734	0,031	-0,039	0,0175	7,500E-4	-9,375E-4
59,600	7,7	0,737	0,016	-0,118	0,0176	3,750E-4	-0,003
59,700	7,7	0,737	0,008	-0,039	0,0176	1,875E-4	-9,375E-4
59,800	7,7	0,738	0,008	1,396E-15	0,0176	1,875E-4	3,320E-17
59,900	7,7	0,738	0,008	1,396E-15	0,0176	1,875E-4	3,320E-17
60,000	7,7	0,740	0,008	-1,396E-15	0,0177	1,875E-4	-3,320E-17
60,100	7,8	0,740	0,008	0,039	0,0177	1,875E-4	9,375E-4
60,200	7,8	0,741	0,016	0,039	0,0177	3,750E-4	9,375E-4
60,300	7,8	0,743	0,016	2,793E-15	0,0177	3,750E-4	6,641E-17
60,400	7,8	0,745	0,016	2,793E-15	0,0178	3,750E-4	6,641E-17
60,500	7,8	0,746	0,016	-0,039	0,0178	3,750E-4	-9,375E-4
60,600	8,0	0,748	0,008	-0,039	0,0178	1,875E-4	-9,375E-4
60,700	8,0	0,748	0,008	0,000	0,0178	1,875E-4	0,000
60,800	8,0	0,749	0,008	-0,039	0,0179	1,875E-4	-9,375E-4
60,900	8,0	0,749	0,000	1,396E-15	0,0179	0,000	3,320E-17
61,000	8,0	0,749	0,008	0,039	0,0179	1,875E-4	9,375E-4
61,100	8,0	0,751	0,008	-1,396E-15	0,0179	1,875E-4	-3,320E-17
61,200	8,0	0,751	0,008	0,039	0,0179	1,875E-4	9,375E-4
61,300	8,0	0,752	0,016	0,039	0,0180	3,750E-4	9,375E-4
61,400	8,0	0,754	0,016	2,793E-15	0,0180	3,750E-4	6,641E-17
61,500	8,1	0,756	0,016	-2,793E-15	0,0180	3,750E-4	-6,641E-17
61,600	8,1	0,757	0,016	-0,039	0,0181	3,750E-4	-9,375E-4
61,700	8,1	0,759	0,008	-0,039	0,0181	1,875E-4	-9,375E-4
61,800	8,2	0,759	0,008	0,079	0,0181	1,875E-4	0,002
61,900	8,2	0,760	0,024	0,039	0,0181	5,625E-4	9,375E-4
62,000	8,2	0,763	0,016	-0,079	0,0182	3,750E-4	-0,002
62,100	8,2	0,763	0,008	-2,793E-15	0,0182	1,875E-4	-6,641E-17
62,200	8,2	0,765	0,016	0,039	0,0183	3,750E-4	9,375E-4
62,300	8,3	0,767	0,016	2,793E-15	0,0183	3,750E-4	6,641E-17
62,400	8,3	0,768	0,016	2,793E-15	0,0183	3,750E-4	6,641E-17
62,500	8,3	0,770	0,016	-2,793E-15	0,0184	3,750E-4	-6,641E-17
62,600	8,4	0,771	0,016	-2,793E-15	0,0184	3,750E-4	-6,641E-17
62,700	8,4	0,773	0,016	0,000	0,0184	3,750E-4	0,000
62,800	8,4	0,774	0,016	-0,039	0,0185	3,750E-4	-9,375E-4
62,900	8,4	0,776	0,008	-0,039	0,0185	1,875E-4	-9,375E-4
63,000	8,4	0,776	0,008	0,039	0,0185	1,875E-4	9,375E-4
63,100	8,5	0,778	0,016	0,039	0,0186	3,750E-4	9,375E-4
63,200	8,5	0,779	0,016	0,000	0,0186	3,750E-4	0,000
63,300	8,5	0,781	0,016	-0,039	0,0186	3,750E-4	-9,375E-4
63,400	8,6	0,782	0,008	-0,039	0,0187	1,875E-4	-9,375E-4
63,500	8,6	0,782	0,008	0,039	0,0187	1,875E-4	9,375E-4
63,600	8,6	0,784	0,016	-1,396E-15	0,0187	3,750E-4	-3,320E-17
63,700	8,6	0,785	0,008	-0,039	0,0187	1,875E-4	-9,375E-4
63,800	8,6	0,785	0,008	0,039	0,0187	1,875E-4	9,375E-4
63,900	8,6	0,787	0,016	0,039	0,0188	3,750E-4	9,375E-4
64,000	8,7	0,789	0,016	-0,039	0,0188	3,750E-4	-9,375E-4
64,100	8,7	0,790	0,008	-0,039	0,0189	1,875E-4	-9,375E-4
64,200	8,7	0,790	0,008	0,039	0,0189	1,875E-4	9,375E-4
64,300	8,7	0,792	0,016	0,039	0,0189	3,750E-4	9,375E-4
64,400	8,7	0,793	0,016	0,000	0,0189	3,750E-4	0,000
64,500	8,7	0,795	0,016	-0,039	0,0190	3,750E-4	-9,375E-4
64,600	8,8	0,796	0,008	-0,039	0,0190	1,875E-4	-9,375E-4
64,700	8,8	0,796	0,008	0,039	0,0190	1,875E-4	9,375E-4
64,800	8,8	0,798	0,016	0,079	0,0190	3,750E-4	0,002
64,900	8,8	0,800	0,024	0,079	0,0191	5,625E-4	0,002
65,000	8,9	0,803	0,031	-0,039	0,0192	7,500E-4	-9,375E-4
65,100	8,9	0,806	0,016	-0,118	0,0192	3,750E-4	-0,003
65,200	8,9	0,806	0,008	0,039	0,0192	1,875E-4	9,375E-4
65,300	9,0	0,807	0,024	0,079	0,0193	5,625E-4	0,002
65,400	9,0	0,811	0,024	-0,079	0,0193	5,625E-4	-0,002
65,500	9,0	0,812	0,008	-0,079	0,0194	1,875E-4	-0,002
65,600	9,0	0,812	0,008	0,079	0,0194	1,875E-4	0,002
65,700	9,1	0,814	0,024	0,079	0,0194	5,625E-4	0,002
65,800	9,1	0,817	0,024	-0,079	0,0195	5,625E-4	-0,002
65,900	9,1	0,818	0,008	-0,118	0,0195	1,875E-4	-0,003
66,000	9,1	0,818	0,000	-0,039	0,0195	0,000	-9,375E-4
66,100	9,1	0,818	0,000	0,039	0,0195	0,000	9,375E-4
66,200	9,1	0,818	0,008	0,039	0,0195	1,875E-4	9,375E-4
66,300	9,1	0,820	0,008	-2,784E-15	0,0196	1,875E-4	-6,654E-17
66,400	9,2	0,820	0,008	0,079	0,0196	1,875E-4	0,002
66,500	9,2	0,822	0,024	0,079	0,0196	5,625E-4	0,002
66,600	9,2	0,825	0,024	-0,079	0,0197	5,625E-4	-0,002
66,700	9,2	0,826	0,008	-0,079	0,0197	1,875E-4	-0,002
66,800	9,2	0,826	0,008	0,039	0,0197	1,875E-4	9,375E-4
66,900	9,3	0,828	0,016	0,039	0,0198	3,750E-4	9,375E-4
67,000	9,3	0,829	0,016	-0,039	0,0198	3,750E-4	-9,375E-4
67,100	9,3	0,831	0,008	5,568E-15	0,0198	1,875E-4	1,331E-16
67,200	9,4	0,831	0,016	0,118	0,0198	3,750E-4	0,003
67,300	9,4	0,834	0,031	0,039	0,0199	7,500E-4	9,375E-4
67,400	9,4	0,837	0,024	-0,079	0,0200	5,625E-4	-0,002
67,500	9,4	0,839	0,016	-0,079	0,0200	3,750E-4	-0,002
67,600	9,5	0,840	0,008	-0,039	0,0201	1,875E-4	-9,375E-4
67,700	9,5	0,840	0,008	0,079	0,0201	1,875E-4	0,002
67,800	9,6	0,842	0,024	0,079	0,0201	5,625E-4	0,002
67,900	9,6	0,845	0,024	-0,039	0,0202	5,625E-4	-9,375E-4
68,000	9,6	0,847	0,016	-0,039	0,0202	3,750E-4	-9,375E-4
68,100	9,6	0,848	0,016	0,039	0,0202	3,750E-4	9,375E-4
68,200	9,6	0,850	0,024	0,039	0,0203	5,625E-4	9,375E-4
68,300	9,7	0,853	0,024	-0,039	0,0204	5,625E-4	-9,375E-4
68,400	9,7	0,855	0,016	-0,039	0,0204	3,750E-4	-9,375E-4
68,500	9,7	0,856	0,016	0,079	0,0204	3,750E-4	0,002
68,600	9,8	0,858	0,031	0,079	0,0205	7,500E-4	0,002
68,700	9,8	0,862	0,031	-0,039	0,0206	7,500E-4	-9,375E-4
68,800	9,8	0,864	0,024	-0,079	0,0206	5,625E-4	-0,002
68,900	9,8	0,867	0,016	-0,079	0,0207	3,750E-4	-0,002
69,000	9,9	0,867	0,008	0,000	0,0207	1,875E-4	0,000
69,100	9,9	0,869	0,016	0,039	0,0207	3,750E-4	9,375E-4
69,200	10,0	0,870	0,016	0,079	0,0208	3,750E-4	0,002
69,300	10,0	0,872	0,031	0,079	0,0208	7,500E-4	0,002
69,400	10,1	0,877	0,031	-0,079	0,0209	7,500E-4	-0,002
69,500	10,1	0,878	0,016	-0,079	0,0210	3,750E-4	-0,002
69,600	10,1	0,880	0,016	5,568E-15	0,0210	3,750E-4	1,331E-16
69,700	10,1	0,881	0,016	0,000	0,0210	3,750E-4	0,000
69,800	10,2	0,883	0,016	-5,568E-15	0,0211	3,750E-4	-1,331E-16
69,900	10,2	0,884	0,016	0,000	0,0211	3,750E-4	0,000
70,000	10,2	0,886	0,016	-0,039	0,0211	3,750E-4	-9,375E-4
70,100	10,2	0,888	0,008	5,568E-15	0,0212	1,875E-4	1,331E-16
70,200	10,3	0,888	0,016	0,079	0,0212	3,750E-4	0,002
70,300	10,3	0,891	0,024	-0,039	0,0213	5,625E-4	-9,375E-4
70,400	10,3	0,892	0,008	-0,118	0,0213	1,875E-4	-0,003
70,500	10,3	0,892	0,000	0,000	0,0213	0,000	0,000
70,600	10,3	0,892	0,008	0,079	0,0213	1,875E-4	0,002
70,700	10,3	0,894	0,016	0,000	0,0213	3,750E-4	0,000
70,800	10,3	0,895	0,008	-0,039	0,0214	1,875E-4	-9,375E-4
70,900	10,3	0,895	0,008	0,000	0,0214	1,875E-4	0,000
71,000	10,4	0,897	0,008	0,000	0,0214	1,875E-4	0,000
71,100	10,3	0,897	0,008	2,784E-15	0,0214	1,875E-4	6,654E-17
71,200	10,3	0,898	0,008	-0,039	0,0214	1,875E-4	-9,375E-4
71,300	10,4	0,898	0,000	-2,784E-15	0,0214	0,000	-6,654E-17
71,400	10,4	0,898	0,008	0,118	0,0214	1,875E-4	0,003
71,500	10,4	0,900	0,024	0,118	0,0215	5,625E-4	0,003
71,600	10,5	0,903	0,031	-0,039	0,0216	7,500E-4	-9,375E-4
71,700	10,5	0,906	0,016	-0,118	0,0216	3,750E-4	-0,003
71,800	10,6	0,906	0,008	-5,568E-15	0,0216	1,875E-4	-1,331E-16
71,900	10,6	0,908	0,016	0,039	0,0217	3,750E-4	9,375E-4
72,000	10,6	0,909	0,016	0,000	0,0217	3,750E-4	0,000
72,100	10,7	0,911	0,016	-0,039	0,0217	3,750E-4	-9,375E-4
72,200	10,7	0,913	0,008	-0,039	0,0218	1,875E-4	-9,375E-4
72,300	10,7	0,913	0,008	-2,784E-15	0,0218	1,875E-4	-6,654E-17
72,400	10,7	0,914	0,008	0,000	0,0218	1,875E-4	0,000
72,500	10,7	0,914	0,008	0,039	0,0218	1,875E-4	9,375E-4
72,600	10,8	0,916	0,016	0,039	0,0219	3,750E-4	9,375E-4
72,700	10,8	0,917	0,016	0,000	0,0219	3,750E-4	0,000
72,800	10,8	0,919	0,016	-5,568E-15	0,0219	3,750E-4	-1,331E-16
72,900	10,9	0,920	0,016	0,000	0,0220	3,750E-4	0,000
73,000	10,9	0,922	0,016	0,000	0,0220	3,750E-4	0,000
73,100	11,0	0,924	0,016	5,568E-15	0,0220	3,750E-4	1,331E-16
73,200	11,0	0,925	0,016	0,000	0,0221	3,750E-4	0,000
73,300	11,0	0,927	0,016	-5,568E-15	0,0221	3,750E-4	-1,331E-16
73,400	11,0	0,928	0,016	0,000	0,0222	3,750E-4	0,000
73,500	11,1	0,930	0,016	-0,039	0,0222	3,750E-4	-9,375E-4
73,600	11,1	0,931	0,008	5,568E-15	0,0222	1,875E-4	1,331E-16
73,700	11,1	0,931	0,016	0,039	0,0222	3,750E-4	9,375E-4
73,800	11,1	0,935	0,016	-0,039	0,0223	3,750E-4	-9,375E-4
73,900	11,2	0,935	0,008	0,000	0,0223	1,875E-4	0,000
74,000	11,2	0,936	0,016	0,000	0,0223	3,750E-4	0,000
74,100	11,1	0,938	0,008	-0,079	0,0224	1,875E-4	-0,002
74,200	11,1	0,938	0,000	0,000	0,0224	0,000	0,000
74,300	11,2	0,938	0,008	0,079	0,0224	1,875E-4	0,002
74,400	11,2	0,939	0,016	0,039	0,0224	3,750E-4	9,375E-4
74,500	11,2	0,941	0,016	0,039	0,0225	3,750E-4	9,375E-4
74,600	11,3	0,942	0,024	0,039	0,0225	5,625E-4	9,375E-4
74,700	11,2	0,946	0,024	-0,039	0,0226	5,625E-4	-9,375E-4
74,800	11,3	0,947	0,016	-0,079	0,0226	3,750E-4	-0,002
74,900	11,3	0,949	0,008	-0,039	0,0226	1,875E-4	-9,375E-4
75,000	11,3	0,949	0,008	0,000	0,0226	1,875E-4	0,000
75,100	11,3	0,950	0,008	-0,039	0,0227	1,875E-4	-9,375E-4
75,200	11,3	0,950	0,000	0,000	0,0227	0,000	0,000
75,300	11,4	0,950	0,008	0,039	0,0227	1,875E-4	9,375E-4
75,400	11,4	0,952	0,008	-0,039	0,0227	1,875E-4	-9,375E-4
75,500	11,4	0,952	0,000	0,039	0,0227	0,000	9,375E-4
75,600	11,4	0,952	0,016	0,079	0,0227	3,750E-4	0,002
75,700	11,4	0,955	0,016	-0,079	0,0228	3,750E-4	-0,002
75,800	11,4	0,955	0,000	-0,039	0,0228	0,000	-9,375E-4
75,900	11,4	0,955	0,008	0,039	0,0228	1,875E-4	9,375E-4
76,000	11,4	0,957	0,008	0,000	0,0228	1,875E-4	0,000
76,100	11,4	0,957	0,008	2,784E-15	0,0228	1,875E-4	6,654E-17
76,200	11,4	0,958	0,008	0,000	0,0229	1,875E-4	0,000
76,300	11,4	0,958	0,008	-2,784E-15	0,0229	1,875E-4	-6,654E-17
76,400	11,4	0,960	0,008	0,000	0,0229	1,875E-4	0,000
76,500	11,5	0,960	0,008	0,079	0,0229	1,875E-4	0,002
76,600	11,5	0,961	0,024	0,079	0,0229	5,625E-4	0,002
76,700	11,5	0,964	0,024	-0,079	0,0230	5,625E-4	-0,002
76,800	11,6	0,966	0,008	-0,118	0,0231	1,875E-4	-0,003
76,900	11,5	0,966	0,000	0,000	0,0231	0,000	0,000
77,000	11,6	0,966	0,008	0,079	0,0231	1,875E-4	0,002
77,100	11,6	0,968	0,016	0,039	0,0231	3,750E-4	9,375E-4
77,200	11,6	0,969	0,016	0,000	0,0231	3,750E-4	0,000
77,300	11,6	0,971	0,016	-0,039	0,0232	3,750E-4	-9,375E-4
77,400	11,7	0,972	0,008	0,000	0,0232	1,875E-4	0,000
77,500	11,7	0,972	0,016	0,039	0,0232	3,750E-4	9,375E-4
77,600	11,7	0,975	0,016	-0,039	0,0233	3,750E-4	-9,375E-4
77,700	11,7	0,975	0,008	-0,039	0,0233	1,875E-4	-9,375E-4
77,800	11,7	0,977	0,008	2,784E-15	0,0233	1,875E-4	6,654E-17
77,900	11,7	0,977	0,008	0,000	0,0233	1,875E-4	0,000
78,000	11,7	0,979	0,008	-0,039	0,0234	1,875E-4	-9,375E-4
78,100	11,8	0,979	0,000	0,000	0,0234	0,000	0,000
78,200	11,8	0,979	0,008	0,118	0,0234	1,875E-4	0,003
78,300	11,8	0,980	0,024	0,039	0,0234	5,625E-4	9,375E-4
78,400	11,8	0,983	0,016	-0,079	0,0235	3,750E-4	-0,002
78,500	11,8	0,983	0,008	-0,039	0,0235	1,875E-4	-9,375E-4
78,600	11,8	0,985	0,008	-0,039	0,0235	1,875E-4	-9,375E-4
78,700	11,8	0,985	0,000	0,000	0,0235	0,000	0,000
78,800	11,8	0,985	0,008	0,079	0,0235	1,875E-4	0,002
78,900	11,9	0,986	0,016	0,039	0,0235	3,750E-4	9,375E-4
79,000	11,9	0,988	0,016	-0,039	0,0236	3,750E-4	-9,375E-4
79,100	11,9	0,990	0,008	-0,039	0,0236	1,875E-4	-9,375E-4
79,200	12,0	0,990	0,008	0,000	0,0236	1,875E-4	0,000
79,300	12,0	0,991	0,008	2,784E-15	0,0237	1,875E-4	6,654E-17
79,400	12,0	0,991	0,008	0,000	0,0237	1,875E-4	0,000
79,500	12,0	0,993	0,008	-2,784E-15	0,0237	1,875E-4	-6,654E-17
79,600	12,0	0,993	0,008	0,039	0,0237	1,875E-4	9,375E-4
79,700	12,0	0,994	0,016	0,039	0,0237	3,750E-4	9,375E-4
79,800	12,0	0,996	0,016	-0,039	0,0238	3,750E-4	-9,375E-4
79,900	12,1	0,997	0,008	-0,039	0,0238	1,875E-4	-9,375E-4
80,000	12,1	0,997	0,008	-2,784E-15	0,0238	1,875E-4	-6,654E-17
80,100	12,1	0,999	0,008	0,000	0,0238	1,875E-4	0,000
80,200	12,1	0,999	0,008	0,000	0,0238	1,875E-4	0,000
80,300	12,1	1,001	0,008	-0,039	0,0239	1,875E-4	-9,375E-4
80,400	12,1	1,001	0,000	2,776E-15	0,0239	0,000	0,000
80,500	12,1	1,001	0,008	0,039	0,0239	1,875E-4	9,375E-4
80,600	12,2	1,002	0,008	-0,039	0,0239	1,875E-4	-9,375E-4
80,700	12,2	1,002	0,000	0,039	0,0239	0,000	9,375E-4
80,800	12,2	1,002	0,016	0,079	0,0239	3,750E-4	0,002
80,900	12,2	1,005	0,016	-0,039	0,0240	3,750E-4	-9,375E-4
81,000	12,2	1,005	0,008	-1,735E-17	0,0240	1,875E-4	-1,331E-16
81,100	12,2	1,007	0,016	0,039	0,0240	3,750E-4	9,375E-4
81,200	12,3	1,008	0,016	0,000	0,0241	3,750E-4	0,000
81,300	12,3	1,010	0,016	-0,039	0,0241	3,750E-4	-9,375E-4
81,400	12,3	1,012	0,008	-0,079	0,0241	1,875E-4	-0,002
81,500	12,3	1,012	0,000	-0,039	0,0241	0,000	-9,375E-4
81,600	12,2	1,012	0,000	0,039	0,0241	0,000	9,375E-4
81,700	12,3	1,012	0,008	0,039	0,0241	1,875E-4	9,375E-4
81,800	12,3	1,013	0,008	2,784E-15	0,0242	1,875E-4	6,654E-17
81,900	12,3	1,013	0,008	0,000	0,0242	1,875E-4	0,000
82,000	12,3	1,015	0,008	-2,784E-15	0,0242	1,875E-4	-6,654E-17
82,100	12,3	1,015	0,008	0,000	0,0242	1,875E-4	0,000
82,200	12,3	1,016	0,008	0,000	0,0243	1,875E-4	0,000
82,300	12,3	1,016	0,008	0,039	0,0243	1,875E-4	9,375E-4
82,400	12,3	1,018	0,016	0,000	0,0243	3,750E-4	0,000
82,500	12,4	1,019	0,008	-0,039	0,0243	1,875E-4	-9,375E-4
82,600	12,4	1,019	0,008	0,118	0,0243	1,875E-4	0,003
82,700	12,4	1,021	0,031	0,118	0,0244	7,500E-4	0,003
82,800	12,5	1,026	0,031	-0,118	0,0245	7,500E-4	-0,003
82,900	12,5	1,027	0,008	-0,157	0,0245	1,875E-4	-0,004
83,000	12,5	1,027	0,000	-0,039	0,0245	0,000	-9,375E-4
83,100	12,5	1,027	0,000	0,039	0,0245	0,000	9,375E-4
83,200	12,5	1,027	0,008	0,039	0,0245	1,875E-4	9,375E-4
83,300	12,5	1,029	0,008	-0,039	0,0246	1,875E-4	-9,375E-4
83,400	12,5	1,029	0,000	0,039	0,0246	0,000	9,375E-4
83,500	12,5	1,029	0,016	0,079	0,0246	3,750E-4	0,002
83,600	12,5	1,032	0,016	-0,039	0,0246	3,750E-4	-9,375E-4
83,700	12,5	1,032	0,008	-0,039	0,0246	1,875E-4	-9,375E-4
83,800	12,5	1,034	0,008	-0,039	0,0247	1,875E-4	-9,375E-4
83,900	12,6	1,034	0,000	0,000	0,0247	0,000	0,000
84,000	12,5	1,034	0,008	0,079	0,0247	1,875E-4	0,002
84,100	12,6	1,035	0,016	0,000	0,0247	3,750E-4	0,000
84,200	12,6	1,037	0,008	-0,079	0,0247	1,875E-4	-0,002
84,300	12,6	1,037	0,000	-0,039	0,0247	0,000	-9,375E-4
84,400	12,6	1,037	0,000	0,039	0,0247	0,000	9,375E-4
84,500	12,6	1,037	0,008	0,079	0,0247	1,875E-4	0,002
84,600	12,6	1,038	0,016	0,039	0,0248	3,750E-4	9,375E-4
84,700	12,6	1,040	0,016	0,000	0,0248	3,750E-4	0,000
84,800	12,6	1,041	0,016	-0,039	0,0249	3,750E-4	-9,375E-4
84,900	12,6	1,043	0,008	-0,079	0,0249	1,875E-4	-0,002
85,000	12,6	1,043	0,000	0,039	0,0249	0,000	9,375E-4
85,100	12,7	1,043	0,016	0,118	0,0249	3,750E-4	0,003
85,200	12,7	1,046	0,024	5,551E-15	0,0250	5,625E-4	0,000
85,300	12,7	1,048	0,016	8,379E-15	0,0250	3,750E-4	2,000E-16
85,400	12,7	1,049	0,024	-5,551E-15	0,0250	5,625E-4	0,000
85,500	12,7	1,052	0,016	-0,118	0,0251	3,750E-4	-0,003
85,600	12,7	1,052	0,000	-0,039	0,0251	0,000	-9,375E-4
85,700	12,7	1,052	0,008	0,118	0,0251	1,875E-4	0,003
85,800	12,7	1,054	0,024	0,039	0,0252	5,625E-4	9,375E-4
85,900	12,8	1,057	0,016	-0,118	0,0252	3,750E-4	-0,003
86,000	12,8	1,057	0,000	-5,568E-15	0,0252	0,000	-1,331E-16
86,100	12,8	1,057	0,016	0,079	0,0252	3,750E-4	0,002
86,200	12,8	1,060	0,016	0,000	0,0253	3,750E-4	0,000
86,300	12,9	1,060	0,016	0,079	0,0253	3,750E-4	0,002
86,400	12,9	1,063	0,031	0,079	0,0254	7,500E-4	0,002
86,500	13,0	1,067	0,031	-0,039	0,0255	7,500E-4	-9,375E-4
86,600	13,0	1,070	0,024	-0,079	0,0255	5,625E-4	-0,002
86,700	13,0	1,071	0,016	0,000	0,0256	3,750E-4	0,000
86,800	13,0	1,073	0,024	0,039	0,0256	5,625E-4	9,375E-4
86,900	13,0	1,076	0,024	-0,079	0,0257	5,625E-4	-0,002
87,000	13,0	1,078	0,008	-0,079	0,0257	1,875E-4	-0,002
87,100	13,0	1,078	0,008	0,039	0,0257	1,875E-4	9,375E-4
87,200	13,0	1,079	0,016	0,039	0,0258	3,750E-4	9,375E-4
87,300	13,0	1,081	0,016	0,039	0,0258	3,750E-4	9,375E-4
87,400	13,0	1,082	0,024	0,039	0,0258	5,625E-4	9,375E-4
87,500	13,1	1,085	0,024	-0,039	0,0259	5,625E-4	-9,375E-4
87,600	13,1	1,087	0,016	0,000	0,0259	3,750E-4	0,000
87,700	13,1	1,089	0,024	-5,551E-15	0,0260	5,625E-4	0,000
87,800	13,1	1,092	0,016	-0,118	0,0261	3,750E-4	-0,003
87,900	13,1	1,092	0,000	-0,039	0,0261	0,000	-9,375E-4
88,000	13,1	1,092	0,008	0,079	0,0261	1,875E-4	0,002
88,100	13,1	1,093	0,016	0,039	0,0261	3,750E-4	9,375E-4
88,200	13,1	1,095	0,016	0,000	0,0261	3,750E-4	0,000
88,300	13,3	1,096	0,016	5,568E-15	0,0262	3,750E-4	1,331E-16
88,400	13,3	1,098	0,016	0,000	0,0262	3,750E-4	0,000
88,500	13,3	1,100	0,016	0,039	0,0262	3,750E-4	9,375E-4
88,600	13,3	1,101	0,024	-5,551E-15	0,0263	5,625E-4	0,000
88,700	13,3	1,104	0,016	-0,118	0,0264	3,750E-4	-0,003
88,800	13,3	1,104	0,000	-0,039	0,0264	0,000	-9,375E-4
88,900	13,3	1,104	0,008	0,118	0,0264	1,875E-4	0,003
89,000	13,4	1,106	0,024	0,039	0,0264	5,625E-4	9,375E-4
89,100	13,4	1,109	0,016	-0,079	0,0265	3,750E-4	-0,002
89,200	13,4	1,109	0,008	0,039	0,0265	1,875E-4	9,375E-4
89,300	13,4	1,111	0,024	0,079	0,0265	5,625E-4	0,002
89,400	13,4	1,114	0,024	-0,039	0,0266	5,625E-4	-9,375E-4
89,500	13,4	1,115	0,016	-0,039	0,0266	3,750E-4	-9,375E-4
89,600	13,5	1,117	0,016	0,000	0,0267	3,750E-4	0,000
89,700	13,5	1,118	0,016	-0,039	0,0267	3,750E-4	-9,375E-4
89,800	13,5	1,120	0,008	-0,039	0,0267	1,875E-4	-9,375E-4
89,900	13,5	1,120	0,008	0,039	0,0267	1,875E-4	9,375E-4
90,000	13,5	1,122	0,016	-2,784E-15	0,0268	3,750E-4	-6,654E-17
90,100	13,5	1,123	0,008	-5,551E-15	0,0268	1,875E-4	0,000
90,200	13,5	1,123	0,016	0,079	0,0268	3,750E-4	0,002
90,300	13,5	1,126	0,024	-0,039	0,0269	5,625E-4	-9,375E-4
90,400	13,5	1,128	0,008	0,000	0,0269	1,875E-4	8,674E-17
90,500	13,5	1,128	0,024	0,079	0,0269	5,625E-4	0,002
90,600	13,6	1,133	0,024	-0,079	0,0270	5,625E-4	-0,002
90,700	13,5	1,133	0,008	-0,039	0,0270	1,875E-4	-9,375E-4
90,800	13,6	1,134	0,016	2,784E-15	0,0271	3,750E-4	6,654E-17
90,900	13,6	1,136	0,008	-0,079	0,0271	1,875E-4	-0,002
91,000	13,5	1,136	0,000	0,039	0,0271	0,000	9,375E-4
91,100	13,6	1,136	0,016	0,118	0,0271	3,750E-4	0,003
91,200	13,6	1,139	0,024	0,079	0,0272	5,625E-4	0,002
91,300	13,6	1,140	0,031	0,039	0,0272	7,500E-4	9,375E-4
91,400	13,7	1,145	0,031	-0,118	0,0273	7,500E-4	-0,003
91,500	13,6	1,147	0,008	-0,118	0,0274	1,875E-4	-0,003
91,600	13,6	1,147	0,008	0,000	0,0274	1,875E-4	0,000
91,700	13,7	1,148	0,008	0,039	0,0274	1,875E-4	9,375E-4
91,800	13,7	1,148	0,016	0,079	0,0274	3,750E-4	0,002
91,900	13,7	1,151	0,024	-0,039	0,0275	5,625E-4	-9,375E-4
92,000	13,7	1,153	0,008	-0,039	0,0275	1,875E-4	-9,375E-4
92,100	13,7	1,153	0,016	0,039	0,0275	3,750E-4	9,375E-4
92,200	13,7	1,156	0,016	-0,039	0,0276	3,750E-4	-9,375E-4
92,300	13,7	1,156	0,008	1,112E-14	0,0276	1,875E-4	1,331E-16
92,400	13,7	1,158	0,016	0,079	0,0276	3,750E-4	0,002
92,500	13,7	1,159	0,024	-1,112E-14	0,0277	5,625E-4	-1,331E-16
92,600	13,8	1,162	0,016	-0,039	0,0277	3,750E-4	-9,375E-4
92,700	13,8	1,162	0,016	0,039	0,0277	3,750E-4	9,375E-4
92,800	13,8	1,166	0,024	-0,079	0,0278	5,625E-4	-0,002
92,900	13,9	1,167	0,000	-0,157	0,0279	0,000	-0,004
93,000	13,9	1,166	-0,008	0,000	0,0278	-1,875E-4	0,000
93,100	13,9	1,166	0,000	0,039	0,0278	0,000	9,375E-4
93,200	13,9	1,166	0,000	0,000	0,0278	0,000	0,000
93,300	13,8	1,166	0,000	0,000	0,0278	0,000	0,000
93,400	13,8	1,166	0,000	0,000	0,0278	0,000	0,000
93,500	13,8	1,166	0,000	0,000	0,0278	0,000	0,000
93,600	13,9	1,166	0,000	0,000	0,0278	0,000	0,000
93,700	13,8	1,166	0,000	0,000	0,0278	0,000	0,000
93,800	13,8	1,166	0,000	0,000	0,0278	0,000	0,000
93,900	13,8	1,166	0,000	0,000	0,0278	0,000	0,000
94,000	13,8	1,166	0,000	0,000	0,0278	0,000	0,000
94,100	13,8	1,166	0,000	0,000	0,0278	0,000	0,000
94,200	13,8	1,166	0,000	0,000	0,0278	0,000	0,000
94,300	13,8	1,166	0,000	0,000	0,0278	0,000	0,000
94,400	13,8	1,166	0,000	0,000	0,0278	0,000	0,000
94,500	13,8	1,166	0,000	0,000	0,0278	0,000	0,000
94,600	13,8	1,166	0,000	0,000	0,0278	0,000	0,000
94,700	13,8	1,166	0,000	0,000	0,0278	0,000	0,000
94,800	13,8	1,166	0,000	0,000	0,0278	0,000	0,000
94,900	13,8	1,166	0,000	0,000	0,0278	0,000	0,000
95,000	13,8	1,166	0,000	0,000	0,0278	0,000	0,000
95,100	13,8	1,166	0,000	0,000	0,0278	0,000	0,000
95,200	13,8	1,166	0,000	0,000	0,0278	0,000	0,000
95,300	13,8	1,166	0,000	0,000	0,0278	0,000	0,000
95,400	13,8	1,166	0,000	0,000	0,0278	0,000	0,000
95,500	13,8	1,166	0,000	0,000	0,0278	0,000	0,000
95,600	13,8	1,166	0,000		0,0278	0,000	
95,700		1,166			0,0278		
